0 55.795322
1 24.958133
2 24.541232
3 24.925554
4 24.386037
5 24.714396
6 24.536074
7 25.104197
8 24.691852
9 24.731033
10 24.583990
11 24.740888
12 24.402831
13 24.794561
14 24.601814
15 23.986621
16 24.448423
17 23.987232
18 24.348708
19 22.658049
20 25.564028
21 23.496641
22 23.577411
23 23.468600
24 22.366804
25 23.894488
26 24.252869
27 21.100631
28 23.482631
29 21.123743
30 20.249463
31 20.188377
32 23.316244
33 22.396152
34 20.573533
35 22.134458
36 20.896895
37 20.151782
38 19.003704
39 20.774232
40 21.840204
41 19.300360
42 18.049139
43 19.718423
44 19.893927
45 22.972061
46 19.113078
47 21.795826
48 17.532269
49 20.892142
50 19.147181
51 19.582518
52 18.144512
53 18.366255
54 16.792437
55 17.905426
56 15.898713
57 17.721258
58 15.523217
59 16.630096
60 15.675620
61 13.100477
62 13.673689
63 13.405001
64 13.982040
65 14.309380
66 16.753973
67 13.522827
68 16.428688
69 12.515504
70 16.444672
71 13.202270
72 12.562892
73 11.014125
74 13.779545
75 12.250734
76 13.632581
77 13.957607
78 11.804522
79 12.529450
80 12.592255
81 13.468859
82 9.971697
83 9.350361
84 9.427971
85 13.261091
86 10.646956
87 10.495504
88 10.389007
89 9.769048
90 8.901290
91 9.393134
92 10.171177
93 10.658835
94 11.840396
95 11.212868
96 9.238173
97 9.931052
98 11.389509
99 12.028715
100 14.139444
101 9.033631
102 11.416248
103 10.015037
104 12.925492
105 9.467156
106 8.658588
107 10.799036
108 10.513348
109 7.947635
110 9.647069
111 12.196840
112 10.076654
113 7.203253
114 8.671903
115 7.890319
116 6.973802
117 6.604088
118 10.155544
119 11.942636
120 9.973848
121 9.493774
122 9.214758
123 8.918062
124 10.599508
125 7.258016
126 10.645103
127 8.943152
128 9.145456
129 11.479813
130 7.788685
131 9.785524
132 9.775904
133 8.182237
134 12.301450
135 11.569463
136 9.692628
137 8.914140
138 12.598307
139 10.379698
140 8.045221
141 7.127105
142 10.248663
143 9.288733
144 9.130914
145 9.652609
146 5.658938
147 8.366323
148 8.406177
149 6.992455
150 6.416632
151 7.976468
152 9.974604
153 9.280570
154 7.104802
155 7.104588
156 9.207003
157 7.833188
158 11.734599
159 11.289652
160 7.066229
161 8.756640
162 9.637595
163 10.737693
164 7.598395
165 8.422634
166 11.480632
167 11.546656
168 6.439303
169 7.049027
170 9.744162
171 8.098168
172 8.693260
173 8.764452
174 5.203659
175 6.577038
176 7.419494
177 10.192207
178 7.088861
179 6.960446
180 5.819941
181 7.253137
182 6.519676
183 7.674839
184 7.083897
185 9.134471
186 10.526647
187 8.548439
188 8.337514
189 8.376347
190 12.109834
191 5.591564
192 7.695700
193 8.311327
194 6.012072
195 8.610011
196 8.777329
197 8.679648
198 9.313967
199 4.742723
200 4.855184
201 8.113948
202 8.444079
203 6.983017
204 9.514001
205 9.473375
206 7.222716
207 6.710574
208 6.983867
209 8.260480
210 7.451291
211 9.686980
212 7.964872
213 10.837143
214 4.961952
215 5.495402
216 8.373563
217 7.360533
218 5.708167
219 10.086415
220 7.082334
221 8.063644
222 4.782970
223 6.114480
224 8.317291
225 5.766445
226 6.628794
227 7.905371
228 3.877056
229 5.910317
230 6.135995
231 6.542833
232 5.884961
233 7.057020
234 7.679511
235 9.100742
236 5.176925
237 6.813996
238 6.473690
239 8.303965
240 8.892901
241 5.425684
242 7.714835
243 7.859711
244 4.630392
245 10.779003
246 8.349231
247 5.924590
248 7.568961
249 7.306297
250 6.310060
251 7.653531
252 4.433672
253 8.398810
254 4.983691
255 8.153717
256 4.352354
257 6.392927
258 7.718105
259 7.210182
260 4.982140
261 8.008255
262 7.955714
263 8.108984
264 5.029890
265 6.752311
266 5.637762
267 5.994501
268 7.484791
269 8.662620
270 5.388336
271 6.731198
272 6.851728
273 8.201002
274 5.210757
275 6.302306
276 5.570951
277 9.808606
278 8.350235
279 8.238175
280 7.107623
281 5.758864
282 8.342815
283 4.749233
284 6.252592
285 7.626259
286 7.680402
287 4.638057
288 4.495457
289 7.051691
290 5.733155
291 4.692221
292 5.305624
293 7.279139
294 6.668284
295 9.326154
296 7.912694
297 8.049991
298 5.612468
299 9.561057
300 7.473157
301 7.257502
302 7.524626
303 7.478597
304 5.760802
305 7.298862
306 4.449347
307 6.528676
308 9.042840
309 5.332330
310 7.476466
311 6.643997
312 7.320618
313 5.909490
314 5.317933
315 5.469220
316 6.943447
317 6.459554
318 6.354413
319 8.120098
320 8.687838
321 7.388417
322 7.362458
323 6.163183
324 7.179995
325 4.599425
326 5.768259
327 6.933465
328 8.792181
329 5.239587
330 8.309282
331 7.251011
332 8.251872
333 7.031216
334 8.327648
335 6.151984
336 6.767038
337 9.196949
338 8.290376
339 5.105388
340 8.184723
341 7.204683
342 7.840299
343 5.784513
344 9.011533
345 9.156761
346 6.548278
347 7.753705
348 6.958411
349 7.545660
350 7.875853
351 4.850023
352 6.060915
353 7.304436
354 3.899958
355 5.642387
356 6.626943
357 7.434941
358 6.349068
359 9.073735
360 3.889779
361 6.331770
362 6.724444
363 8.397645
364 7.911100
365 7.381168
366 3.889521
367 8.390623
368 6.481008
369 4.508016
370 4.990737
371 6.951235
372 7.857924
373 7.119321
374 9.744308
375 6.513600
376 5.618724
377 5.895161
378 8.072723
379 5.804528
380 3.032560
381 7.496222
382 6.829303
383 5.044035
384 6.471048
385 5.949282
386 5.090001
387 5.496767
388 5.439358
389 4.466321
390 5.551571
391 6.317502
392 9.314132
393 5.999853
394 6.326190
395 6.144486
396 4.531616
397 6.059544
398 5.722786
399 7.136642
400 3.428105
401 6.670824
402 6.253074
403 6.191576
404 5.734866
405 7.340785
406 4.969682
407 6.270864
408 6.581956
409 6.862195
410 4.005237
411 5.754829
412 6.467809
413 6.567529
414 3.342026
415 4.843847
416 6.065273
417 5.810880
418 7.553853
419 5.967957
420 5.528095
421 3.532841
422 4.146016
423 3.692332
424 3.382512
425 4.910585
426 5.375001
427 3.749261
428 4.472848
429 6.799201
430 6.042754
431 5.518976
432 4.456227
433 3.201943
434 5.795650
435 3.752075
436 5.585754
437 5.400426
438 6.268531
439 4.620564
440 4.825211
441 4.336232
442 5.281896
443 3.234938
444 4.672120
445 4.639155
446 5.600252
447 5.436208
448 5.046033
449 6.273070
450 5.505083
451 4.502040
452 5.109060
453 5.585201
454 5.406321
455 5.500012
456 4.248124
457 4.688073
458 6.042253
459 5.135755
460 5.096508
461 6.496063
462 2.678404
463 4.366623
464 2.907772
465 5.471203
466 5.640623
467 6.150929
468 3.510025
469 5.913473
470 3.302398
471 4.884473
472 5.385874
473 5.904843
474 1.869973
475 4.748738
476 4.136085
477 2.214298
478 4.030959
479 3.133024
480 3.179786
481 3.692939
482 4.937079
483 3.267739
484 3.488140
485 6.725325
486 4.575947
487 4.242435
488 5.472620
489 3.620827
490 4.469849
491 3.755582
492 3.953788
493 4.591496
494 4.112823
495 2.934434
496 4.758185
497 3.152823
498 4.888838
499 4.706863
500 8.085832
501 6.119606
502 3.220414
503 4.202782
504 6.413376
505 2.715372
506 5.645565
507 5.127226
508 6.027040
509 4.442623
510 6.227875
511 4.788041
512 4.694098
513 5.007111
514 2.660943
515 5.784118
516 3.995879
517 5.642801
518 4.251829
519 3.698726
520 2.956459
521 4.109996
522 4.555455
523 2.724404
524 3.641546
525 7.192150
526 3.443289
527 3.679520
528 5.419198
529 3.448278
530 6.027459
531 4.224686
532 2.700665
533 3.484079
534 3.949787
535 3.640501
536 2.861782
537 6.600706
538 2.683502
539 3.856275
540 4.980202
541 5.231846
542 5.870042
543 4.724232
544 6.481026
545 3.680742
546 4.053415
547 4.645742
548 4.732169
549 3.783831
550 3.938151
551 3.426917
552 5.300219
553 4.294160
554 4.772803
555 3.929647
556 3.398571
557 3.639667
558 6.371942
559 4.004937
560 5.619723
561 3.483324
562 5.122667
563 2.922052
564 3.212235
565 2.876342
566 4.115633
567 3.913385
568 4.852250
569 2.776535
570 6.495467
571 4.327150
572 2.734046
573 3.932743
574 8.090491
575 4.422705
576 4.432954
577 4.155857
578 5.593673
579 5.551142
580 3.796846
581 5.833377
582 5.120091
583 5.352260
584 2.994637
585 2.540273
586 3.373247
587 2.151360
588 4.543142
589 5.187136
590 3.437174
591 3.116295
592 5.666011
593 3.929561
594 4.401527
595 3.916580
596 1.478974
597 4.462449
598 3.467475
599 4.653556
600 3.881759
601 2.982296
602 4.119954
603 4.217439
604 4.235740
605 3.032594
606 5.977896
607 4.760999
608 4.097590
609 3.255713
610 2.752433
611 3.360594
612 3.846847
613 4.681286
614 3.358883
615 3.574212
616 3.657471
617 3.598051
618 2.994141
619 3.262973
620 4.364783
621 3.759083
622 4.467662
623 5.354538
624 4.390464
625 3.537216
626 4.507546
627 3.489698
628 3.415902
629 2.747602
630 3.086382
631 4.236622
632 4.189618
633 4.265563
634 2.911615
635 4.269437
636 2.975673
637 1.573849
638 3.359098
639 4.001345
640 3.785250
641 3.471588
642 6.174196
643 2.382374
644 4.071499
645 5.119838
646 9.007093
647 3.258411
648 4.411024
649 3.841480
650 3.661925
651 2.826730
652 5.721514
653 2.562186
654 2.669547
655 4.223227
656 3.485211
657 4.500757
658 2.675657
659 3.364709
660 3.063442
661 4.073225
662 4.315804
663 1.662879
664 3.280600
665 4.767331
666 3.330541
667 3.522348
668 2.560801
669 4.341887
670 4.617750
671 2.831079
672 4.240704
673 2.368027
674 1.533456
675 5.594803
676 3.631272
677 4.544885
678 2.248961
679 4.794466
680 5.363903
681 4.357838
682 4.036475
683 1.776674
684 4.735259
685 4.711012
686 3.004765
687 3.841944
688 3.694348
689 2.892089
690 3.814309
691 3.540948
692 4.908512
693 2.476239
694 4.697535
695 5.318873
696 4.670153
697 1.578439
698 4.179075
699 4.102530
700 2.200631
701 3.086213
702 4.137731
703 3.584616
704 4.315513
705 2.658604
706 5.145834
707 2.305030
708 2.625831
709 1.277980
710 2.392117
711 3.047335
712 5.551133
713 2.808397
714 5.267693
715 5.592989
716 3.754555
717 3.020767
718 2.875090
719 2.294127
720 5.208217
721 5.241742
722 4.534897
723 3.904701
724 3.178046
725 2.022792
726 3.309805
727 4.596628
728 2.045658
729 4.013355
730 2.822653
731 2.875859
732 3.146111
733 3.662747
734 1.917637
735 3.845012
736 2.737952
737 4.050842
738 6.594387
739 2.161284
740 3.551548
741 4.035264
742 3.204860
743 2.249141
744 2.124610
745 3.483643
746 4.334077
747 3.622974
748 2.915629
749 4.643673
750 2.473489
751 2.984635
752 1.833699
753 3.507374
754 3.608787
755 1.009868
756 3.084509
757 3.326963
758 3.243917
759 4.444076
760 2.386685
761 5.356525
762 5.093224
763 2.110066
764 4.597177
765 4.416340
766 3.905053
767 3.629398
768 5.052684
769 3.010181
770 3.398325
771 3.933669
772 3.037104
773 2.822656
774 4.346398
775 3.375797
776 3.121127
777 5.800264
778 3.977540
779 3.837436
780 3.939292
781 1.873839
782 5.411351
783 2.798369
784 4.302658
785 3.613618
786 5.106880
787 5.090230
788 2.721897
789 2.709912
790 2.334103
791 2.630040
792 3.079124
793 4.472095
794 4.166895
795 3.989649
796 3.230414
797 2.601882
798 4.046842
799 2.069642
800 4.661940
801 2.503317
802 5.165893
803 3.017688
804 3.069901
805 3.057335
806 2.793297
807 4.282866
808 4.028034
809 3.329381
810 4.299419
811 3.410841
812 3.114920
813 5.714490
814 2.728025
815 1.828679
816 4.863443
817 3.092152
818 2.656192
819 4.506568
820 2.584923
821 3.390332
822 1.942306
823 0.814058
824 2.630568
825 3.550952
826 3.395242
827 4.456515
828 3.438482
829 2.440492
830 3.558694
831 2.104976
832 2.269606
833 2.517418
834 5.341951
835 2.063398
836 4.114493
837 2.546126
838 3.509066
839 2.221230
840 2.501006
841 3.455903
842 4.098675
843 3.594997
844 3.850900
845 8.227998
846 4.009421
847 4.792014
848 3.450366
849 3.565465
850 3.486212
851 3.554374
852 3.789516
853 5.293832
854 3.311281
855 2.614219
856 2.962247
857 3.000455
858 3.114564
859 4.923388
860 3.563717
861 4.211540
862 1.847078
863 1.318838
864 3.544506
865 5.737690
866 4.944309
867 1.660626
868 4.732923
869 4.233031
870 3.526349
871 1.418729
872 4.356310
873 3.240676
874 1.497819
875 3.563263
876 3.092913
877 3.545603
878 3.931808
879 3.612067
880 3.768826
881 2.986687
882 2.732809
883 4.693380
884 3.531626
885 4.013749
886 2.629570
887 4.454640
888 2.296937
889 2.800847
890 3.026410
891 2.253328
892 2.038119
893 5.230298
894 3.840768
895 2.824643
896 3.209762
897 3.138026
898 4.742130
899 4.310952
900 2.965965
901 4.815290
902 2.543868
903 4.383031
904 3.059296
905 1.718121
906 5.035887
907 1.820881
908 0.903058
909 3.490017
910 2.279541
911 3.533658
912 4.855811
913 2.003466
914 4.303839
915 3.361749
916 2.298537
917 2.164155
918 4.917807
919 0.659309
920 2.246119
921 3.155878
922 2.040924
923 3.434653
924 3.015977
925 1.964284
926 4.422991
927 3.395101
928 5.834913
929 2.589752
930 1.921661
931 1.902927
932 4.137690
933 3.198897
934 2.987403
935 4.097217
936 2.814420
937 3.524973
938 3.330902
939 4.428799
940 4.134452
941 2.959688
942 3.926326
943 3.323837
944 1.888942
945 2.726114
946 2.111257
947 4.993524
948 1.427545
949 2.972538
950 4.338933
951 2.517959
952 2.726605
953 2.916254
954 4.632471
955 2.764431
956 5.170087
957 3.293368
958 2.178424
959 2.300868
960 3.189106
961 3.550546
962 3.197497
963 2.772663
964 4.284371
965 2.773466
966 5.407063
967 2.897446
968 3.598998
969 3.041451
970 3.711462
971 5.385636
972 5.676379
973 2.330956
974 3.687785
975 1.653924
976 4.619857
977 2.123542
978 2.816318
979 3.299368
980 4.967965
981 2.753369
982 3.097366
983 3.153742
984 6.341155
985 2.963336
986 3.898479
987 4.860652
988 2.905896
989 3.609617
990 2.117126
991 1.941492
992 4.564057
993 2.600823
994 2.381792
995 4.303458
996 2.957123
997 3.032978
998 1.841862
999 4.161024
1000 2.546882
1001 3.418496
1002 2.575046
1003 3.510194
1004 3.806936
1005 2.909514
1006 1.921371
1007 3.739116
1008 5.059439
1009 2.920660
1010 3.186865
1011 2.801776
1012 3.475523
1013 4.198144
1014 3.526942
1015 3.186229
1016 3.332914
1017 4.249078
1018 3.977956
1019 2.847337
1020 3.024901
1021 1.970512
1022 1.726755
1023 5.833215
1024 4.150988
1025 0.969167
1026 3.756160
1027 3.491308
1028 2.212005
1029 3.044668
1030 3.751047
1031 3.132701
1032 3.446373
1033 3.352236
1034 4.397229
1035 3.238008
1036 2.258926
1037 2.050352
1038 2.569499
1039 2.592560
1040 2.002783
1041 4.258397
1042 2.944518
1043 2.275865
1044 1.059739
1045 1.288787
1046 5.514521
1047 3.408607
1048 2.792050
1049 1.634504
1050 3.705854
1051 3.609043
1052 1.744523
1053 3.241053
1054 2.751534
1055 3.011389
1056 3.015219
1057 4.916425
1058 2.031189
1059 2.750732
1060 1.905284
1061 3.405180
1062 3.942334
1063 2.343057
1064 2.058765
1065 3.567290
1066 2.512974
1067 4.280324
1068 1.969975
1069 3.180649
1070 2.358347
1071 3.147872
1072 4.118809
1073 2.785151
1074 2.493157
1075 1.417800
1076 2.954160
1077 2.672761
1078 2.563286
1079 1.427031
1080 3.866369
1081 3.898014
1082 4.066866
1083 4.043429
1084 2.073140
1085 2.728214
1086 1.259987
1087 1.852471
1088 3.213199
1089 3.420389
1090 4.431353
1091 2.236190
1092 3.022052
1093 1.902299
1094 2.761567
1095 3.795576
1096 3.672146
1097 3.065069
1098 3.399309
1099 4.770639
1100 2.575661
1101 4.535297
1102 3.036847
1103 4.539868
1104 4.121555
1105 2.720475
1106 2.113058
1107 3.208421
1108 2.643292
1109 2.309986
1110 3.315917
1111 2.334825
1112 3.473338
1113 2.367141
1114 2.692642
1115 1.485317
1116 3.795577
1117 2.264412
1118 1.422733
1119 3.275156
1120 1.801023
1121 3.215423
1122 2.795983
1123 2.235959
1124 2.068390
1125 3.360031
1126 3.101672
1127 3.674760
1128 4.017507
1129 3.774722
1130 3.630829
1131 4.035121
1132 1.525814
1133 3.699979
1134 2.031903
1135 3.117228
1136 2.791385
1137 3.236804
1138 4.288598
1139 2.304035
1140 2.597630
1141 2.822928
1142 5.725944
1143 2.658437
1144 5.148738
1145 3.562148
1146 2.467325
1147 3.436361
1148 3.570793
1149 2.041844
1150 2.768206
1151 3.726068
1152 3.179079
1153 3.472699
1154 3.677373
1155 1.280353
1156 2.597703
1157 2.495136
1158 4.031455
1159 3.635710
1160 2.931950
1161 2.565638
1162 3.931728
1163 2.849066
1164 2.673201
1165 3.757388
1166 2.503462
1167 2.389730
1168 5.373636
1169 0.967354
1170 1.976676
1171 1.407821
1172 2.106723
1173 2.964592
1174 3.756322
1175 2.694406
1176 4.734637
1177 3.332882
1178 4.730651
1179 3.755346
1180 2.475699
1181 3.556670
1182 2.933388
1183 2.153447
1184 2.582660
1185 3.268647
1186 2.156966
1187 3.233343
1188 2.976313
1189 2.366906
1190 1.051564
1191 1.999656
1192 3.230462
1193 4.211341
1194 2.850027
1195 2.365870
1196 2.421850
1197 3.187710
1198 3.008135
1199 3.363900
1200 1.770629
1201 3.591437
1202 4.319441
1203 2.160708
1204 6.676289
1205 2.606447
1206 3.288437
1207 2.527306
1208 3.013084
1209 2.395946
1210 2.566056
1211 1.105751
1212 1.927950
1213 5.775652
1214 3.421344
1215 2.013014
1216 3.288183
1217 2.759924
1218 2.486950
1219 3.143795
1220 3.013277
1221 2.679135
1222 2.730147
1223 1.278393
1224 2.975772
1225 2.460635
1226 2.851186
1227 4.062147
1228 2.620518
1229 2.806859
1230 2.947531
1231 2.479886
1232 3.238417
1233 3.002138
1234 1.894151
1235 1.924186
1236 2.157075
1237 2.795167
1238 3.593506
1239 3.008122
1240 3.928941
1241 2.421062
1242 3.682428
1243 3.902602
1244 4.899789
1245 2.544073
1246 2.102509
1247 2.701573
1248 1.524673
1249 2.319500
1250 2.394618
1251 1.130337
1252 1.919293
1253 3.170460
1254 3.477425
1255 2.862833
1256 3.415364
1257 2.157199
1258 3.514306
1259 6.430987
1260 2.244252
1261 4.984193
1262 4.256638
1263 3.034817
1264 1.717622
1265 2.285543
1266 3.121532
1267 3.795048
1268 1.956735
1269 0.620293
1270 6.774502
1271 2.541961
1272 2.873655
1273 1.782232
1274 1.826063
1275 4.220773
1276 1.969088
1277 3.523138
1278 2.647348
1279 2.497525
1280 2.506797
1281 1.984758
1282 2.111522
1283 1.854206
1284 2.314464
1285 5.081675
1286 3.285736
1287 1.413790
1288 2.246663
1289 2.940319
1290 0.803505
1291 5.644235
1292 2.643216
1293 3.256531
1294 1.253426
1295 2.315447
1296 2.614648
1297 3.607727
1298 3.516679
1299 3.370273
1300 3.496361
1301 2.840540
1302 1.241228
1303 3.129393
1304 1.113739
1305 1.991251
1306 2.261451
1307 4.772686
1308 3.840852
1309 2.063316
1310 3.001869
1311 3.244921
1312 1.780892
1313 3.344973
1314 1.332665
1315 3.537152
1316 4.352932
1317 2.961169
1318 1.613195
1319 4.280454
1320 4.425893
1321 4.204824
1322 1.739450
1323 2.263275
1324 1.581873
1325 2.173006
1326 3.221127
1327 3.873891
1328 3.623300
1329 1.083202
1330 2.167175
1331 1.734314
1332 3.039480
1333 2.099339
1334 2.524848
1335 4.522059
1336 6.221063
1337 3.095759
1338 3.990112
1339 4.239729
1340 3.556969
1341 3.602779
1342 4.015824
1343 2.500212
1344 1.875772
1345 1.714070
1346 4.167450
1347 2.418846
1348 4.153170
1349 2.931330
1350 2.069959
1351 3.070501
1352 1.748050
1353 4.494786
1354 1.263787
1355 2.638727
1356 1.971864
1357 2.059403
1358 3.374334
1359 3.045230
1360 3.761242
1361 4.707213
1362 2.249397
1363 1.816764
1364 4.130246
1365 2.651154
1366 3.100229
1367 3.349706
1368 2.573793
1369 0.675410
1370 2.613268
1371 3.270460
1372 1.527497
1373 1.484058
1374 2.207531
1375 1.798565
1376 2.675900
1377 4.287037
1378 2.168411
1379 2.309941
1380 1.954519
1381 1.458175
1382 2.701336
1383 1.367957
1384 2.879856
1385 0.817678
1386 1.234927
1387 2.514763
1388 2.866751
1389 3.833869
1390 0.854072
1391 1.107471
1392 3.066399
1393 2.782279
1394 3.169203
1395 1.132195
1396 2.359641
1397 1.981924
1398 1.382276
1399 2.772958
1400 2.291906
1401 2.008661
1402 2.810394
1403 1.848470
1404 3.516255
1405 2.468404
1406 2.858871
1407 3.037412
1408 1.322109
1409 2.940800
1410 2.505392
1411 1.938074
1412 2.505541
1413 3.141969
1414 2.419015
1415 1.946300
1416 2.533471
1417 4.360379
1418 2.889538
1419 2.818498
1420 2.306062
1421 1.808034
1422 4.429290
1423 2.572976
1424 3.133966
1425 1.042084
1426 2.840430
1427 1.410370
1428 1.271081
1429 3.584574
1430 2.846484
1431 3.769679
1432 1.550198
1433 1.709095
1434 1.852154
1435 2.967280
1436 1.106503
1437 2.280347
1438 3.195634
1439 5.071475
1440 3.476872
1441 2.646646
1442 2.325962
1443 3.260558
1444 3.482983
1445 2.106036
1446 3.095796
1447 2.546163
1448 1.500632
1449 2.250062
1450 1.845814
1451 0.363389
1452 2.869708
1453 1.185195
1454 2.574599
1455 2.564604
1456 2.134335
1457 2.306248
1458 2.490958
1459 0.726629
1460 3.449459
1461 3.919575
1462 3.274384
1463 2.681923
1464 1.489240
1465 1.976970
1466 1.533748
1467 2.550017
1468 1.007853
1469 4.041205
1470 2.043847
1471 2.814504
1472 1.146471
1473 1.631347
1474 3.356101
1475 5.435740
1476 2.360509
1477 2.220812
1478 0.708617
1479 1.552525
1480 4.135227
1481 1.819205
1482 4.065722
1483 2.388978
1484 2.313439
1485 0.997544
1486 4.686436
1487 3.297547
1488 2.707711
1489 1.047282
1490 2.905582
1491 3.791289
1492 3.767222
1493 1.203755
1494 0.618709
1495 5.377409
1496 2.871332
1497 3.921673
1498 3.434375
1499 1.521056
1500 3.897250
1501 4.627714
1502 2.719211
1503 2.438887
1504 2.494439
1505 1.646665
1506 2.008565
1507 1.378186
1508 2.937557
1509 1.586026
1510 3.144573
1511 2.353213
1512 2.993222
1513 4.326015
1514 1.153967
1515 2.139752
1516 4.084498
1517 4.222053
1518 4.583294
1519 2.237512
1520 3.292387
1521 4.589866
1522 3.324290
1523 2.092694
1524 3.004201
1525 2.488051
1526 4.752327
1527 2.137400
1528 1.706533
1529 3.350891
1530 4.099730
1531 2.789525
1532 1.899724
1533 1.773872
1534 4.028813
1535 4.103156
1536 1.775819
1537 2.521753
1538 2.352485
1539 4.218178
1540 2.156278
1541 3.977806
1542 2.103818
1543 3.173779
1544 2.986199
1545 2.006950
1546 3.297029
1547 1.984019
1548 2.300667
1549 2.993063
1550 2.020030
1551 1.972497
1552 1.661150
1553 4.975001
1554 1.119802
1555 2.742955
1556 1.666807
1557 3.598757
1558 1.064899
1559 3.508972
1560 3.169453
1561 3.964939
1562 4.628834
1563 2.154769
1564 3.101258
1565 3.981769
1566 2.611684
1567 2.450326
1568 3.287833
1569 2.107112
1570 2.025273
1571 2.848965
1572 2.382067
1573 1.422190
1574 3.093175
1575 1.203266
1576 1.778205
1577 3.097965
1578 3.461621
1579 5.059684
1580 3.212307
1581 3.652712
1582 3.855631
1583 3.920922
1584 3.844914
1585 1.943155
1586 2.505202
1587 1.738122
1588 2.992901
1589 3.624841
1590 2.686967
1591 4.603511
1592 1.484652
1593 3.088568
1594 2.701310
1595 3.351854
1596 2.165539
1597 2.196721
1598 2.381549
1599 2.354114
1600 1.688570
1601 1.224242
1602 3.590293
1603 1.924492
1604 4.722807
1605 1.359528
1606 1.894706
1607 0.968507
1608 4.221684
1609 1.063647
1610 1.909066
1611 2.967400
1612 4.165311
1613 2.218068
1614 0.618780
1615 4.092693
1616 3.866364
1617 2.819631
1618 2.179907
1619 2.782102
1620 4.312923
1621 2.539256
1622 2.182176
1623 4.092933
1624 2.529744
1625 2.679008
1626 1.371280
1627 1.558974
1628 1.773580
1629 2.284496
1630 2.131704
1631 3.373209
1632 1.993430
1633 2.027045
1634 1.467917
1635 0.951497
1636 1.372424
1637 2.536194
1638 2.817566
1639 0.953739
1640 3.829278
1641 3.767492
1642 3.391340
1643 2.094245
1644 3.232690
1645 2.772286
1646 2.540982
1647 3.582066
1648 2.366325
1649 1.311058
1650 3.433353
1651 3.177551
1652 2.013999
1653 4.887611
1654 4.288132
1655 1.994842
1656 2.831228
1657 2.405771
1658 2.837897
1659 4.237755
1660 2.319048
1661 3.278069
1662 2.665463
1663 2.701861
1664 3.142122
1665 3.007981
1666 3.148284
1667 2.466729
1668 3.095135
1669 2.535386
1670 2.051058
1671 2.815579
1672 2.585566
1673 2.766456
1674 0.837840
1675 1.187628
1676 1.220580
1677 2.560642
1678 3.236166
1679 1.676337
1680 2.152362
1681 2.434037
1682 1.975867
1683 2.505880
1684 1.457278
1685 3.076948
1686 2.226309
1687 2.013847
1688 2.411073
1689 2.489272
1690 1.551115
1691 0.642484
1692 1.822559
1693 0.513287
1694 1.543978
1695 1.551476
1696 1.867460
1697 2.508228
1698 2.476742
1699 2.899702
1700 2.467409
1701 2.126720
1702 4.007517
1703 2.977937
1704 3.801694
1705 3.179628
1706 0.953665
1707 3.074758
1708 0.616766
1709 2.194487
1710 3.746376
1711 2.798614
1712 3.520502
1713 1.975911
1714 2.305996
1715 3.922702
1716 1.430528
1717 2.585167
1718 2.999000
1719 1.937689
1720 2.608412
1721 4.172299
1722 4.753138
1723 5.493906
1724 1.355615
1725 4.538040
1726 2.091662
1727 2.681685
1728 1.788992
1729 2.142246
1730 3.305496
1731 1.185646
1732 1.645541
1733 3.204145
1734 1.540054
1735 1.894425
1736 2.146448
1737 2.792341
1738 0.969539
1739 2.932856
1740 2.455787
1741 2.053667
1742 2.107254
1743 1.275277
1744 3.727483
1745 3.182905
1746 1.792738
1747 4.113138
1748 1.986117
1749 1.992225
1750 1.882112
1751 1.451475
1752 1.761071
1753 3.657422
1754 2.115789
1755 2.345728
1756 2.771934
1757 4.196282
1758 1.235091
1759 3.085089
1760 3.321946
1761 1.334528
1762 1.291401
1763 1.992896
1764 2.504408
1765 4.290144
1766 2.062079
1767 3.297200
1768 1.622596
1769 5.620264
1770 1.940219
1771 1.715401
1772 1.241987
1773 2.659357
1774 2.997696
1775 3.099278
1776 2.512864
1777 0.732122
1778 2.505486
1779 1.566743
1780 1.553301
1781 4.597326
1782 3.718151
1783 2.313781
1784 3.778405
1785 3.847859
1786 1.957914
1787 3.816898
1788 1.909118
1789 1.908370
1790 2.155791
1791 1.025285
1792 2.733129
1793 1.175362
1794 2.317664
1795 2.338414
1796 3.344699
1797 2.207622
1798 2.267760
1799 3.874815
1800 2.065547
1801 4.572184
1802 2.949144
1803 2.758868
1804 2.216592
1805 3.427093
1806 2.114023
1807 1.551303
1808 1.599827
1809 0.906828
1810 3.121808
1811 4.656650
1812 2.680615
1813 3.324101
1814 2.397118
1815 2.515737
1816 2.153850
1817 2.469222
1818 4.623672
1819 2.330127
1820 4.276204
1821 2.520010
1822 2.122541
1823 3.442603
1824 2.571153
1825 2.875906
1826 1.713663
1827 1.092178
1828 2.149822
1829 3.175404
1830 2.016627
1831 1.661917
1832 1.900782
1833 1.231677
1834 4.064311
1835 1.359078
1836 3.087844
1837 3.537212
1838 2.685373
1839 2.699886
1840 2.654274
1841 3.687496
1842 1.824905
1843 2.574214
1844 1.400878
1845 2.561135
1846 2.151031
1847 2.289833
1848 1.487640
1849 6.130694
1850 2.994038
1851 2.359591
1852 2.601718
1853 1.847537
1854 2.304154
1855 2.355014
1856 0.957117
1857 1.894497
1858 1.258416
1859 2.798096
1860 2.183670
1861 2.908457
1862 3.866609
1863 2.686378
1864 2.654363
1865 2.307619
1866 2.766972
1867 0.866317
1868 4.455373
1869 1.051981
1870 2.739075
1871 3.019156
1872 2.053602
1873 5.043353
1874 3.300776
1875 1.829346
1876 2.344306
1877 2.101390
1878 3.364832
1879 2.770182
1880 2.204418
1881 1.819479
1882 1.605854
1883 4.261247
1884 1.546970
1885 2.044831
1886 1.337159
1887 1.709709
1888 0.932408
1889 1.626296
1890 1.276746
1891 2.383407
1892 3.921833
1893 2.128365
1894 2.143694
1895 1.568368
1896 1.027513
1897 2.761645
1898 3.728911
1899 4.404219
1900 2.592436
1901 2.567059
1902 2.155056
1903 3.668409
1904 5.139160
1905 1.473671
1906 1.143840
1907 2.853587
1908 3.302676
1909 1.846241
1910 1.613079
1911 2.385558
1912 2.204604
1913 1.823831
1914 2.540757
1915 2.318287
1916 2.728165
1917 1.661528
1918 2.566860
1919 2.769241
1920 3.362184
1921 3.060501
1922 1.192770
1923 3.210073
1924 1.504617
1925 4.065539
1926 3.904765
1927 2.002426
1928 2.026369
1929 1.497354
1930 4.607466
1931 2.243115
1932 2.969283
1933 3.914137
1934 3.804957
1935 3.550845
1936 3.250824
1937 1.063497
1938 3.006342
1939 4.130704
1940 2.477800
1941 2.389332
1942 2.586947
1943 4.903944
1944 2.177568
1945 1.270542
1946 2.978952
1947 2.570657
1948 3.107524
1949 2.358596
1950 2.429536
1951 2.348049
1952 3.068484
1953 4.105330
1954 2.863304
1955 1.567301
1956 3.336073
1957 2.345102
1958 3.826216
1959 3.246916
1960 2.515946
1961 1.870815
1962 3.542608
1963 1.247579
1964 2.263866
1965 2.920562
1966 2.360584
1967 3.262716
1968 4.380932
1969 2.656830
1970 3.444193
1971 1.997456
1972 3.622064
1973 2.218379
1974 3.515084
1975 1.829740
1976 3.448633
1977 1.213763
1978 2.303291
1979 2.400534
1980 3.919867
1981 3.605810
1982 4.134661
1983 0.981897
1984 4.323075
1985 2.064806
1986 4.447161
1987 1.610886
1988 1.603617
1989 1.969978
1990 0.842288
1991 1.652968
1992 2.695723
1993 1.899238
1994 1.663347
1995 1.607951
1996 2.751925
1997 1.368954
1998 4.454269
1999 3.593716
2000 2.124111
2001 2.422711
2002 2.491691
2003 1.679543
2004 3.748061
2005 2.956742
2006 2.080411
2007 2.775289
2008 2.808644
2009 1.886121
2010 1.366904
2011 2.514977
2012 3.736473
2013 1.677698
2014 2.114662
2015 2.776749
2016 2.161693
2017 2.361336
2018 2.369066
2019 1.808321
2020 5.483526
2021 1.158322
2022 2.527864
2023 4.768488
2024 0.772205
2025 0.457844
2026 3.644169
2027 4.836932
2028 2.054258
2029 2.575099
2030 3.363976
2031 2.966739
2032 3.279056
2033 1.870129
2034 2.199347
2035 1.641122
2036 2.094755
2037 2.108293
2038 0.634618
2039 3.553990
2040 1.847595
2041 2.805200
2042 3.347456
2043 1.798246
2044 3.481610
2045 3.321634
2046 5.574572
2047 0.924252
2048 1.951585
2049 2.123651
2050 2.908117
2051 2.848996
2052 3.100672
2053 3.458638
2054 3.718385
2055 3.403189
2056 2.130248
2057 4.522584
2058 3.123678
2059 3.367335
2060 0.725253
2061 1.964923
2062 3.581329
2063 1.900165
2064 2.768217
2065 3.808480
2066 2.403720
2067 2.565777
2068 3.907260
2069 1.522139
2070 1.604167
2071 3.056408
2072 1.419384
2073 1.675976
2074 3.742694
2075 3.421010
2076 1.746574
2077 1.176151
2078 1.790068
2079 0.985304
2080 1.447051
2081 2.714598
2082 2.212149
2083 1.324963
2084 2.839454
2085 1.860781
2086 2.306975
2087 0.698686
2088 1.567662
2089 1.756213
2090 1.783124
2091 3.426457
2092 2.149473
2093 2.098980
2094 1.091029
2095 3.055666
2096 1.137604
2097 3.178784
2098 0.600213
2099 2.393641
2100 3.207281
2101 1.180711
2102 3.032782
2103 3.162533
2104 2.075190
2105 2.081444
2106 2.806563
2107 2.590511
2108 2.289018
2109 4.372855
2110 4.434416
2111 2.824117
2112 1.724804
2113 3.885074
2114 1.930324
2115 2.604924
2116 2.528363
2117 2.216594
2118 2.539483
2119 3.334219
2120 1.942543
2121 1.701504
2122 2.897052
2123 2.717485
2124 1.690462
2125 1.102604
2126 2.342124
2127 4.318548
2128 4.718209
2129 1.841568
2130 0.835162
2131 0.602784
2132 2.395908
2133 1.574400
2134 3.324172
2135 1.211208
2136 3.314925
2137 1.070268
2138 1.255937
2139 2.411348
2140 2.921777
2141 0.431164
2142 3.213111
2143 2.324329
2144 1.941624
2145 2.552805
2146 1.487337
2147 1.693570
2148 4.729374
2149 0.962290
2150 2.062542
2151 1.157171
2152 2.285262
2153 3.047096
2154 3.068707
2155 1.848433
2156 1.966850
2157 1.267048
2158 2.147512
2159 4.315214
2160 1.869134
2161 3.274482
2162 1.840337
2163 1.738502
2164 1.629658
2165 2.157570
2166 2.716136
2167 1.181140
2168 2.934904
2169 2.746484
2170 2.133010
2171 2.175084
2172 2.556965
2173 1.188613
2174 2.463577
2175 1.977873
2176 4.154595
2177 2.334764
2178 2.889883
2179 4.182542
2180 1.040528
2181 1.326074
2182 1.906262
2183 0.981973
2184 3.594726
2185 1.284994
2186 1.085779
2187 2.772993
2188 3.069520
2189 3.828856
2190 2.920309
2191 3.664844
2192 2.379390
2193 2.906774
2194 2.635591
2195 1.307029
2196 2.747423
2197 2.024985
2198 1.057183
2199 3.400327
2200 2.098964
2201 3.757191
2202 3.065242
2203 1.974270
2204 3.474770
2205 2.808138
2206 3.214104
2207 2.381788
2208 3.209513
2209 1.541556
2210 1.617972
2211 0.907560
2212 1.709567
2213 1.002301
2214 2.956638
2215 2.044770
2216 3.194327
2217 2.478967
2218 0.666889
2219 2.199473
2220 2.526709
2221 2.361503
2222 0.962680
2223 1.306664
2224 2.489112
2225 1.162830
2226 5.912162
2227 2.403749
2228 3.567972
2229 3.424499
2230 1.406814
2231 1.358365
2232 1.996284
2233 2.262594
2234 2.409203
2235 1.799437
2236 2.730064
2237 2.980953
2238 1.459869
2239 1.482407
2240 2.255659
2241 1.210685
2242 3.206045
2243 2.882110
2244 1.862417
2245 3.541840
2246 1.306320
2247 3.043761
2248 3.116552
2249 2.470527
2250 4.138720
2251 2.595077
2252 2.568903
2253 0.973575
2254 1.647526
2255 1.885349
2256 1.678363
2257 1.767611
2258 4.612280
2259 3.459707
2260 2.826754
2261 1.711600
2262 3.017967
2263 2.661943
2264 2.610824
2265 2.486358
2266 1.368500
2267 3.798137
2268 3.185971
2269 0.868237
2270 3.214013
2271 1.407581
2272 1.727779
2273 2.549503
2274 4.040243
2275 3.072240
2276 2.185306
2277 3.123731
2278 0.643415
2279 2.789944
2280 3.197133
2281 3.185740
2282 4.433896
2283 1.831148
2284 3.802794
2285 1.907563
2286 2.806047
2287 1.253323
2288 1.153604
2289 3.599647
2290 1.882706
2291 1.500922
2292 1.703454
2293 2.512928
2294 2.233950
2295 2.626108
2296 1.071124
2297 3.318842
2298 1.597756
2299 0.924591
2300 1.483347
2301 2.563589
2302 3.741445
2303 3.553622
2304 1.321444
2305 1.646474
2306 2.571931
2307 1.266705
2308 2.253698
2309 3.412770
2310 2.301422
2311 1.895692
2312 2.112927
2313 2.392685
2314 3.177469
2315 2.216052
2316 3.214318
2317 1.523419
2318 0.426120
2319 3.439186
2320 3.285343
2321 2.452650
2322 0.695199
2323 1.051113
2324 0.685882
2325 0.497812
2326 1.787644
2327 2.372479
2328 3.271434
2329 1.830866
2330 2.925974
2331 1.852708
2332 3.765687
2333 4.160443
2334 1.941634
2335 2.028372
2336 2.349998
2337 1.966086
2338 1.914409
2339 2.387443
2340 2.229587
2341 3.551977
2342 2.697141
2343 1.856984
2344 1.503797
2345 2.131359
2346 1.164806
2347 3.320065
2348 1.902602
2349 2.637079
2350 0.504255
2351 1.720892
2352 2.038132
2353 3.395754
2354 0.681432
2355 3.418804
2356 3.138892
2357 2.754848
2358 1.852891
2359 1.567225
2360 4.812266
2361 2.741507
2362 2.025993
2363 3.160302
2364 2.466551
2365 3.839510
2366 1.289477
2367 2.840957
2368 3.427750
2369 1.487113
2370 2.840094
2371 1.298655
2372 2.370080
2373 1.612485
2374 1.018424
2375 3.433168
2376 2.393798
2377 1.530584
2378 1.276304
2379 3.727557
2380 1.185969
2381 1.307328
2382 0.507249
2383 1.651692
2384 2.953686
2385 1.424530
2386 1.344655
2387 2.673013
2388 2.022571
2389 2.068877
2390 1.021935
2391 1.196753
2392 4.081343
2393 0.850802
2394 5.382570
2395 3.296714
2396 2.356346
2397 1.599076
2398 2.178034
2399 2.396446
2400 1.552260
2401 2.395267
2402 1.471954
2403 3.415632
2404 3.307949
2405 2.034950
2406 3.480520
2407 1.609285
2408 1.455149
2409 1.895974
2410 1.478197
2411 1.818140
2412 3.013912
2413 0.984744
2414 2.931980
2415 2.798513
2416 3.093848
2417 1.404681
2418 2.011847
2419 4.427105
2420 4.939288
2421 1.653850
2422 3.218774
2423 2.277574
2424 1.989916
2425 2.208659
2426 2.718374
2427 3.985353
2428 1.428664
2429 1.104590
2430 2.290852
2431 4.050681
2432 1.197577
2433 2.311881
2434 1.107436
2435 3.222744
2436 2.727459
2437 1.941128
2438 1.745040
2439 1.309984
2440 4.077492
2441 4.708485
2442 2.928135
2443 4.163203
2444 3.282774
2445 1.533340
2446 0.927587
2447 1.597831
2448 0.872173
2449 2.106037
2450 2.120484
2451 2.230102
2452 5.213483
2453 1.962746
2454 2.219032
2455 2.249722
2456 1.742123
2457 2.308968
2458 2.769128
2459 2.985673
2460 0.678862
2461 3.467711
2462 1.365527
2463 2.032721
2464 2.266277
2465 1.892342
2466 1.881901
2467 3.143471
2468 1.635680
2469 1.499739
2470 3.224518
2471 1.480678
2472 1.382169
2473 4.488109
2474 1.831788
2475 1.605946
2476 2.753904
2477 3.643653
2478 2.179307
2479 2.764583
2480 0.989803
2481 1.142260
2482 4.081797
2483 2.069935
2484 0.996631
2485 3.062627
2486 1.805934
2487 1.722465
2488 2.199182
2489 0.786483
2490 3.116139
2491 0.862499
2492 2.641735
2493 2.235292
2494 1.303520
2495 1.041182
2496 2.026449
2497 2.500032
2498 1.502076
2499 1.907457
2500 1.944597
2501 2.287424
2502 1.388260
2503 2.399764
2504 3.319190
2505 2.850107
2506 2.791407
2507 2.048532
2508 2.652401
2509 0.748814
2510 2.840957
2511 1.694471
2512 2.122952
2513 3.664831
2514 2.099314
2515 2.758664
2516 2.051464
2517 1.520962
2518 2.129153
2519 1.742903
2520 1.399080
2521 2.458038
2522 1.189672
2523 1.396297
2524 2.299148
2525 1.889423
2526 3.093036
2527 4.808779
2528 1.284029
2529 1.606835
2530 1.412545
2531 3.200267
2532 2.140251
2533 2.374470
2534 2.612596
2535 2.095827
2536 1.645344
2537 2.507338
2538 3.353397
2539 1.680004
2540 1.747355
2541 2.382605
2542 1.632065
2543 1.889860
2544 2.674359
2545 1.259638
2546 1.857350
2547 0.724858
2548 1.891098
2549 1.832238
2550 1.141316
2551 0.484988
2552 1.292104
2553 3.306728
2554 2.167695
2555 1.760625
2556 4.499087
2557 1.854328
2558 1.974107
2559 2.931770
2560 1.640503
2561 1.826780
2562 3.148978
2563 1.740872
2564 1.941343
2565 2.272106
2566 1.787027
2567 2.627575
2568 1.075301
2569 2.872712
2570 1.972734
2571 1.565590
2572 2.064363
2573 1.557385
2574 1.983981
2575 2.074663
2576 3.375526
2577 2.623264
2578 1.828052
2579 3.211033
2580 0.900703
2581 1.599176
2582 1.243402
2583 2.763431
2584 1.654462
2585 3.180269
2586 1.409100
2587 0.796174
2588 2.168206
2589 2.069188
2590 2.768880
2591 3.629634
2592 2.342910
2593 4.007772
2594 3.756777
2595 2.467082
2596 0.716181
2597 1.783565
2598 2.429402
2599 2.992391
2600 0.445709
2601 1.633658
2602 2.952057
2603 3.334572
2604 1.281539
2605 2.578959
2606 2.537793
2607 1.053760
2608 3.978522
2609 2.565709
2610 1.744512
2611 1.812646
2612 1.487139
2613 2.938784
2614 1.833573
2615 2.982613
2616 1.815106
2617 2.738095
2618 2.985524
2619 1.288635
2620 3.248197
2621 2.455482
2622 1.379262
2623 1.892061
2624 0.800181
2625 2.690567
2626 2.425494
2627 3.000746
2628 2.715372
2629 3.005783
2630 1.519630
2631 1.513768
2632 1.477352
2633 2.866509
2634 2.025193
2635 2.970428
2636 1.580520
2637 0.723676
2638 2.316736
2639 3.010358
2640 3.241461
2641 2.881831
2642 1.592915
2643 1.392758
2644 1.424954
2645 3.322742
2646 2.880159
2647 1.800038
2648 1.539391
2649 1.975826
2650 2.380441
2651 2.857562
2652 4.244415
2653 4.198905
2654 3.264799
2655 2.192299
2656 2.663207
2657 0.780125
2658 1.806934
2659 2.378044
2660 0.626927
2661 2.385349
2662 2.706830
2663 1.522349
2664 1.110031
2665 2.054894
2666 1.315828
2667 2.472801
2668 3.583015
2669 2.514222
2670 1.731628
2671 1.736039
2672 1.345986
2673 3.446383
2674 2.193798
2675 1.347347
2676 2.306475
2677 0.626696
2678 2.010391
2679 1.083426
2680 2.926205
2681 3.096168
2682 3.106719
2683 2.043506
2684 2.009074
2685 0.619295
2686 1.296587
2687 3.326261
2688 1.065709
2689 2.152515
2690 0.775670
2691 2.181670
2692 2.144254
2693 2.220650
2694 3.202434
2695 2.348990
2696 3.550618
2697 2.308512
2698 2.232132
2699 3.637922
2700 1.526331
2701 1.313914
2702 2.266640
2703 1.702853
2704 0.871213
2705 2.049993
2706 2.120458
2707 1.602392
2708 0.639565
2709 3.078446
2710 1.669528
2711 1.386000
2712 4.871759
2713 3.130687
2714 2.709534
2715 1.399498
2716 3.209368
2717 2.057011
2718 1.172655
2719 2.171838
2720 1.255572
2721 2.270308
2722 2.877298
2723 2.224570
2724 1.592938
2725 1.676402
2726 2.215541
2727 0.808953
2728 2.564793
2729 2.346699
2730 1.067945
2731 1.740916
2732 1.461435
2733 3.068947
2734 1.408318
2735 2.150211
2736 2.726975
2737 1.470119
2738 1.536875
2739 2.006157
2740 3.210201
2741 2.486152
2742 1.307641
2743 1.537109
2744 2.633567
2745 1.234588
2746 1.431433
2747 2.994012
2748 3.477774
2749 1.386156
2750 1.936530
2751 1.156296
2752 0.906057
2753 1.429615
2754 2.697340
2755 1.091054
2756 1.619253
2757 3.177111
2758 1.402194
2759 1.241691
2760 3.088540
2761 1.624297
2762 2.389676
2763 2.148114
2764 1.674348
2765 1.466611
2766 1.630916
2767 1.250273
2768 2.824072
2769 2.069012
2770 2.153485
2771 0.658193
2772 1.040112
2773 1.014009
2774 5.172049
2775 1.367926
2776 1.291556
2777 1.791638
2778 2.586051
2779 5.373916
2780 2.778951
2781 2.227661
2782 1.632779
2783 3.421270
2784 1.534508
2785 1.261349
2786 3.097648
2787 1.526418
2788 1.426928
2789 1.876218
2790 1.627508
2791 3.157080
2792 2.580107
2793 2.482550
2794 1.825672
2795 1.364526
2796 1.701572
2797 1.902489
2798 2.563240
2799 1.683206
2800 1.356814
2801 3.102498
2802 3.097371
2803 3.610799
2804 2.043391
2805 4.644530
2806 0.941130
2807 0.733506
2808 1.331058
2809 3.817536
2810 5.045649
2811 1.600812
2812 1.986116
2813 1.160511
2814 0.880087
2815 2.361868
2816 1.919788
2817 1.285648
2818 1.949298
2819 1.823464
2820 2.352537
2821 2.141441
2822 1.971726
2823 1.008849
2824 0.784352
2825 0.864903
2826 0.979050
2827 2.315039
2828 1.748632
2829 2.631018
2830 3.471913
2831 0.965182
2832 2.049310
2833 2.369230
2834 1.633501
2835 2.262430
2836 0.897488
2837 3.494007
2838 1.571329
2839 2.160617
2840 1.569888
2841 2.149702
2842 1.993966
2843 0.840406
2844 2.532371
2845 3.977796
2846 2.257547
2847 3.151224
2848 1.963374
2849 2.075091
2850 1.930563
2851 1.637888
2852 1.998734
2853 2.450629
2854 3.481616
2855 2.924465
2856 1.827715
2857 1.106454
2858 1.665694
2859 2.852921
2860 1.755753
2861 4.991369
2862 2.788313
2863 1.159671
2864 1.450218
2865 1.291135
2866 1.337464
2867 1.999658
2868 2.144964
2869 2.574044
2870 2.104173
2871 2.362208
2872 0.808633
2873 1.487315
2874 2.216649
2875 1.841559
2876 0.418293
2877 2.340095
2878 0.880857
2879 3.232376
2880 2.227521
2881 2.926772
2882 1.223394
2883 1.582260
2884 0.642381
2885 1.828101
2886 1.196700
2887 2.146190
2888 2.310598
2889 1.390851
2890 1.355116
2891 1.492525
2892 1.421306
2893 2.697485
2894 1.138032
2895 1.196353
2896 1.345537
2897 2.279623
2898 1.555460
2899 1.244105
2900 1.059422
2901 2.096493
2902 1.326239
2903 1.464350
2904 2.859285
2905 1.813667
2906 1.060220
2907 2.779874
2908 2.344945
2909 1.305195
2910 2.197468
2911 1.581843
2912 1.939365
2913 2.308179
2914 2.992251
2915 2.287632
2916 2.562249
2917 0.792676
2918 2.680219
2919 3.595729
2920 0.974484
2921 1.710975
2922 2.254086
2923 4.595397
2924 2.570189
2925 4.026308
2926 3.865387
2927 2.510325
2928 1.063963
2929 1.595739
2930 2.712902
2931 0.955459
2932 0.839313
2933 1.601500
2934 1.396248
2935 2.408945
2936 3.397711
2937 0.785443
2938 1.587959
2939 1.496900
2940 2.233126
2941 2.974647
2942 3.662088
2943 1.902783
2944 1.934440
2945 1.047587
2946 1.777238
2947 2.334401
2948 3.517235
2949 1.157723
2950 1.446053
2951 2.142135
2952 2.253117
2953 2.141960
2954 2.190154
2955 1.018734
2956 3.624698
2957 1.436132
2958 2.387321
2959 0.825245
2960 1.122262
2961 1.578070
2962 2.000526
2963 2.663166
2964 1.207594
2965 1.350913
2966 4.638373
2967 1.151645
2968 1.228447
2969 3.622903
2970 2.861968
2971 2.864333
2972 1.707736
2973 1.218785
2974 2.536216
2975 2.486796
2976 0.899221
2977 1.231437
2978 0.374006
2979 1.117333
2980 2.295438
2981 5.297436
2982 2.211171
2983 1.631362
2984 2.642190
2985 2.193688
2986 1.711710
2987 1.627982
2988 3.447809
2989 2.113314
2990 1.179843
2991 2.677627
2992 1.244652
2993 0.923615
2994 0.966679
2995 1.276498
2996 1.343540
2997 0.845757
2998 2.293990
2999 2.496789
3000 1.684857
3001 1.286439
3002 0.506244
3003 1.745137
3004 1.002837
3005 2.026198
3006 1.386664
3007 1.772785
3008 0.379080
3009 2.814593
3010 2.377449
3011 2.541889
3012 1.194296
3013 2.142759
3014 1.471901
3015 2.043704
3016 3.501024
3017 1.460289
3018 4.487725
3019 3.916906
3020 2.851972
3021 1.626162
3022 2.682887
3023 1.428943
3024 0.672282
3025 2.690182
3026 2.794364
3027 2.679597
3028 2.649008
3029 1.810176
3030 0.937510
3031 4.556886
3032 1.554298
3033 2.154481
3034 2.470566
3035 2.618179
3036 1.103287
3037 1.601820
3038 1.937576
3039 1.585201
3040 2.271733
3041 0.656838
3042 2.500994
3043 2.398705
3044 0.495916
3045 1.084875
3046 1.034385
3047 2.635345
3048 1.569001
3049 2.939212
3050 3.113563
3051 3.055349
3052 2.542155
3053 2.554307
3054 0.552083
3055 1.417250
3056 2.940617
3057 1.208007
3058 1.463864
3059 1.755572
3060 1.386742
3061 2.372016
3062 1.866038
3063 1.024790
3064 1.406807
3065 1.230081
3066 2.357718
3067 2.603152
3068 2.628544
3069 1.549220
3070 1.687120
3071 1.630829
3072 2.597869
3073 2.713406
3074 2.585403
3075 2.575627
3076 2.472452
3077 2.325313
3078 1.437728
3079 4.307760
3080 1.201837
3081 3.497288
3082 1.485381
3083 3.567282
3084 2.217471
3085 1.922929
3086 1.685850
3087 1.800978
3088 1.406375
3089 1.359763
3090 1.787715
3091 4.073814
3092 3.921299
3093 1.594363
3094 0.777716
3095 1.354762
3096 2.007195
3097 1.677979
3098 4.559801
3099 2.029422
3100 0.797105
3101 3.687460
3102 1.448063
3103 1.759411
3104 0.594886
3105 3.185692
3106 2.680131
3107 6.683520
3108 2.170884
3109 4.170297
3110 2.778725
3111 2.320996
3112 2.077154
3113 1.906276
3114 1.453127
3115 1.844436
3116 2.206783
3117 2.147925
3118 2.728569
3119 2.561704
3120 1.801551
3121 1.258145
3122 1.032981
3123 1.385999
3124 3.475824
3125 3.117972
3126 2.027734
3127 1.186181
3128 1.461427
3129 3.605874
3130 1.529966
3131 1.014781
3132 4.739376
3133 1.212822
3134 0.750424
3135 0.811900
3136 0.858618
3137 1.431797
3138 1.270729
3139 0.922973
3140 1.875982
3141 0.836435
3142 1.235067
3143 4.113005
3144 3.162426
3145 1.161880
3146 2.632003
3147 2.079004
3148 1.597612
3149 2.055902
3150 2.732624
3151 1.203538
3152 2.438047
3153 2.520540
3154 2.174175
3155 2.180761
3156 1.652323
3157 2.298282
3158 1.891933
3159 1.680529
3160 2.433413
3161 0.742525
3162 1.159535
3163 3.099451
3164 3.721998
3165 1.619145
3166 2.780594
3167 2.623909
3168 1.885634
3169 2.081024
3170 2.822185
3171 1.330180
3172 1.031651
3173 0.379638
3174 1.977519
3175 1.499728
3176 2.676770
3177 2.325851
3178 1.312699
3179 2.480741
3180 1.443201
3181 2.426133
3182 1.132406
3183 1.149111
3184 2.939020
3185 0.971190
3186 0.943688
3187 1.179476
3188 0.531162
3189 3.606081
3190 1.598496
3191 3.487846
3192 0.987558
3193 3.013859
3194 2.531670
3195 1.454451
3196 1.026867
3197 1.017587
3198 1.781890
3199 1.796952
3200 1.749379
3201 2.273120
3202 1.458339
3203 2.462186
3204 1.737362
3205 1.118229
3206 3.034569
3207 1.900364
3208 2.216409
3209 3.999157
3210 1.736565
3211 1.638134
3212 2.896790
3213 0.489178
3214 0.721691
3215 0.836107
3216 1.665871
3217 1.637698
3218 1.287048
3219 3.114636
3220 2.600033
3221 0.991806
3222 2.122271
3223 1.540219
3224 2.370683
3225 3.425178
3226 2.168586
3227 2.129046
3228 3.857405
3229 2.620096
3230 1.526815
3231 2.489125
3232 1.317953
3233 0.645311
3234 1.015614
3235 2.341962
3236 3.398556
3237 2.211837
3238 0.934065
3239 1.097762
3240 2.921990
3241 1.383603
3242 2.083660
3243 1.665272
3244 2.001936
3245 2.099223
3246 2.422419
3247 2.055423
3248 3.125911
3249 1.393704
3250 2.639505
3251 3.214453
3252 0.702144
3253 1.000296
3254 1.375775
3255 3.189871
3256 1.618856
3257 0.714841
3258 1.622330
3259 1.275001
3260 3.888776
3261 1.950136
3262 2.030359
3263 2.558074
3264 1.245432
3265 1.824574
3266 2.572132
3267 1.817444
3268 1.904450
3269 1.529034
3270 2.492298
3271 3.844705
3272 2.526154
3273 2.171636
3274 0.917723
3275 3.908514
3276 1.996728
3277 0.938598
3278 2.019213
3279 1.385418
3280 2.001904
3281 2.362730
3282 2.821430
3283 1.389740
3284 2.801155
3285 2.370208
3286 1.442597
3287 1.098556
3288 3.182831
3289 1.384735
3290 3.627398
3291 2.164054
3292 0.928316
3293 1.522607
3294 1.902133
3295 1.896758
3296 2.965863
3297 1.885161
3298 2.107870
3299 1.131233
3300 0.466850
3301 2.471343
3302 3.659463
3303 2.202450
3304 2.578116
3305 1.781808
3306 1.450936
3307 1.088211
3308 1.716535
3309 1.666568
3310 2.714164
3311 1.859872
3312 1.567730
3313 0.820794
3314 2.003168
3315 2.606257
3316 2.990218
3317 0.673650
3318 2.767688
3319 1.953946
3320 1.631997
3321 2.196190
3322 0.809574
3323 2.054107
3324 2.048341
3325 1.074779
3326 1.714472
3327 1.704004
3328 4.560493
3329 1.940592
3330 1.403463
3331 0.601748
3332 2.378663
3333 2.078581
3334 1.852347
3335 1.116354
3336 3.362650
3337 1.120326
3338 2.824560
3339 2.031866
3340 1.431231
3341 2.565922
3342 1.375251
3343 2.262926
3344 2.019103
3345 2.164072
3346 3.391073
3347 1.353622
3348 2.026599
3349 3.007753
3350 1.643731
3351 1.490297
3352 2.536742
3353 2.408377
3354 1.206752
3355 2.784059
3356 1.649754
3357 3.393472
3358 1.059243
3359 0.519756
3360 2.124399
3361 0.928467
3362 0.590094
3363 1.561845
3364 1.494006
3365 2.557944
3366 1.444858
3367 0.462780
3368 2.101874
3369 0.651328
3370 2.017003
3371 6.025101
3372 1.582088
3373 0.736726
3374 3.019239
3375 1.495920
3376 1.390400
3377 0.382333
3378 1.310868
3379 2.427420
3380 2.276495
3381 0.820270
3382 1.238756
3383 2.371461
3384 2.488226
3385 2.370075
3386 2.420034
3387 2.094604
3388 1.680707
3389 3.716821
3390 3.508067
3391 1.982434
3392 1.069907
3393 2.253787
3394 2.346395
3395 1.504432
3396 1.074905
3397 1.975766
3398 4.762036
3399 1.548901
3400 1.033995
3401 2.675593
3402 1.898485
3403 1.592796
3404 4.393970
3405 0.980053
3406 1.281382
3407 1.415166
3408 1.532968
3409 2.404907
3410 1.552336
3411 1.781363
3412 0.768565
3413 0.837813
3414 2.046769
3415 0.869183
3416 1.014755
3417 0.469099
3418 2.834996
3419 1.057970
3420 1.827367
3421 1.398512
3422 1.096628
3423 1.128411
3424 1.778260
3425 1.561187
3426 1.863015
3427 1.224761
3428 2.399173
3429 3.350132
3430 2.362660
3431 0.832530
3432 1.835024
3433 2.229179
3434 3.626472
3435 2.317725
3436 3.316106
3437 1.133518
3438 1.631313
3439 1.856567
3440 2.063589
3441 1.754530
3442 1.935150
3443 0.827191
3444 1.469913
3445 2.215036
3446 1.291209
3447 0.659127
3448 2.172823
3449 2.877119
3450 0.862256
3451 2.684009
3452 1.568022
3453 3.429526
3454 1.757940
3455 1.267902
3456 3.704863
3457 2.127213
3458 2.315632
3459 2.383430
3460 2.328075
3461 2.310432
3462 3.012485
3463 3.418120
3464 2.252016
3465 0.702462
3466 0.897647
3467 1.581464
3468 1.911478
3469 3.458061
3470 3.810366
3471 3.498008
3472 2.070473
3473 2.841031
3474 2.618380
3475 2.575545
3476 1.935636
3477 0.431850
3478 1.388085
3479 3.628424
3480 0.877965
3481 0.963318
3482 1.961184
3483 1.475337
3484 2.948921
3485 1.811519
3486 3.483970
3487 2.233226
3488 1.860886
3489 4.420310
3490 2.257475
3491 3.290476
3492 1.209889
3493 1.993452
3494 1.837825
3495 1.143713
3496 2.963089
3497 0.437031
3498 2.944264
3499 2.316651
3500 2.670603
3501 1.739964
3502 3.531020
3503 1.099544
3504 1.556961
3505 1.013313
3506 3.567925
3507 1.282171
3508 2.075222
3509 3.453625
3510 1.824001
3511 2.612551
3512 1.730955
3513 1.591440
3514 1.827348
3515 3.521620
3516 2.786183
3517 2.201419
3518 1.543963
3519 1.429420
3520 2.709958
3521 1.986210
3522 1.502851
3523 1.247300
3524 2.100387
3525 0.736489
3526 1.341007
3527 1.428919
3528 1.989170
3529 1.981294
3530 0.386925
3531 2.331907
3532 1.338945
3533 1.048492
3534 2.282837
3535 1.451466
3536 0.813950
3537 4.894904
3538 1.255318
3539 1.837795
3540 1.565784
3541 1.304329
3542 2.527139
3543 2.435063
3544 1.149695
3545 1.507715
3546 0.850846
3547 1.758274
3548 2.565586
3549 2.816918
3550 1.524902
3551 2.042930
3552 2.628186
3553 1.466861
3554 1.210727
3555 1.606341
3556 0.488243
3557 1.000410
3558 1.988490
3559 1.666436
3560 2.112979
3561 2.274147
3562 0.936032
3563 1.432904
3564 2.785896
3565 0.971852
3566 2.080441
3567 1.511323
3568 3.950960
3569 0.480468
3570 2.081179
3571 0.939007
3572 2.579401
3573 1.611903
3574 0.885111
3575 0.797266
3576 0.990434
3577 2.209425
3578 0.748495
3579 1.355437
3580 1.488855
3581 0.316578
3582 1.449751
3583 0.982640
3584 2.657547
3585 3.505200
3586 2.162303
3587 2.675393
3588 1.098256
3589 1.246048
3590 1.259601
3591 1.353171
3592 1.102188
3593 1.805248
3594 4.184368
3595 1.187917
3596 2.516137
3597 0.332927
3598 2.333907
3599 0.345882
3600 1.789666
3601 2.442592
3602 2.218926
3603 2.602846
3604 2.731431
3605 1.661275
3606 2.210926
3607 2.673212
3608 2.651080
3609 1.043673
3610 1.048933
3611 2.685507
3612 1.756228
3613 1.433940
3614 2.692212
3615 1.644423
3616 2.528708
3617 1.394960
3618 3.983399
3619 1.085318
3620 1.554251
3621 1.094312
3622 1.107723
3623 2.028578
3624 1.670838
3625 2.898844
3626 1.345483
3627 2.784706
3628 1.651117
3629 2.614267
3630 2.342539
3631 2.287674
3632 0.581458
3633 1.100767
3634 3.349267
3635 0.150711
3636 1.215804
3637 1.138678
3638 1.882473
3639 2.394566
3640 2.235270
3641 2.642038
3642 0.362899
3643 2.619478
3644 2.231205
3645 0.990975
3646 3.136638
3647 0.814914
3648 2.166812
3649 1.553006
3650 0.544139
3651 1.106457
3652 1.423842
3653 3.572638
3654 0.884020
3655 1.828630
3656 1.919772
3657 1.407745
3658 1.839462
3659 1.874092
3660 2.978331
3661 1.084247
3662 1.464314
3663 2.819629
3664 3.793506
3665 1.535121
3666 0.805126
3667 2.575963
3668 2.156313
3669 2.901618
3670 1.974594
3671 2.056170
3672 2.644302
3673 1.773530
3674 0.909607
3675 3.030151
3676 1.494669
3677 2.771385
3678 2.636711
3679 2.230028
3680 3.139046
3681 1.815961
3682 1.419358
3683 2.589153
3684 2.478932
3685 1.603392
3686 1.486094
3687 1.374472
3688 2.680407
3689 1.880913
3690 2.374769
3691 1.315838
3692 3.118029
3693 1.885444
3694 1.825950
3695 2.699867
3696 2.111498
3697 3.076261
3698 0.821495
3699 2.367999
3700 1.672713
3701 1.037523
3702 1.373618
3703 2.580731
3704 3.326769
3705 1.072366
3706 0.798822
3707 1.330062
3708 0.178515
3709 0.180358
3710 2.688122
3711 0.396859
3712 0.979074
3713 2.082566
3714 2.758081
3715 1.210696
3716 0.886284
3717 2.324991
3718 1.485497
3719 2.069504
3720 1.730971
3721 2.292007
3722 0.901866
3723 2.447338
3724 1.737149
3725 2.419165
3726 2.020890
3727 1.107635
3728 2.775168
3729 2.050654
3730 3.292375
3731 1.286288
3732 0.576104
3733 1.162759
3734 2.166953
3735 1.686141
3736 0.830148
3737 1.321116
3738 1.254056
3739 1.192050
3740 1.162946
3741 0.845575
3742 2.117722
3743 1.635669
3744 1.381110
3745 1.697635
3746 1.507461
3747 2.279588
3748 1.837541
3749 3.395523
3750 2.442566
3751 3.214370
3752 3.034535
3753 2.824289
3754 2.884802
3755 2.563576
3756 2.092687
3757 3.085010
3758 2.618199
3759 0.818656
3760 2.093636
3761 1.538310
3762 0.851003
3763 1.286289
3764 0.962245
3765 1.667893
3766 1.538417
3767 1.462238
3768 2.787902
3769 0.816945
3770 0.484957
3771 0.876139
3772 2.610522
3773 1.291895
3774 1.110924
3775 2.297794
3776 2.880400
3777 1.750194
3778 2.246450
3779 0.967682
3780 0.723353
3781 1.796986
3782 0.921277
3783 3.587938
3784 3.020654
3785 2.284563
3786 1.086438
3787 1.698548
3788 0.808626
3789 2.159279
3790 1.806447
3791 1.111130
3792 0.620828
3793 3.420032
3794 1.240982
3795 2.041153
3796 1.841164
3797 1.823769
3798 2.075505
3799 1.235699
3800 2.628249
3801 1.355929
3802 2.148534
3803 1.305576
3804 1.978058
3805 3.724474
3806 4.297926
3807 1.702724
3808 2.202731
3809 1.137416
3810 4.565439
3811 2.394992
3812 3.775811
3813 2.380948
3814 1.129153
3815 1.068648
3816 2.440359
3817 4.315971
3818 3.142280
3819 0.902301
3820 1.975021
3821 2.351198
3822 1.456950
3823 1.825721
3824 1.273546
3825 1.772732
3826 1.620242
3827 0.963423
3828 2.125077
3829 2.820629
3830 1.884345
3831 2.122743
3832 2.531053
3833 2.597581
3834 1.906024
3835 1.569310
3836 1.439028
3837 1.524732
3838 1.703084
3839 1.208919
3840 1.829648
3841 4.113741
3842 3.481900
3843 1.879096
3844 2.425886
3845 2.638867
3846 1.409147
3847 1.136871
3848 2.671042
3849 1.185060
3850 2.260920
3851 0.832197
3852 2.732143
3853 1.878297
3854 2.320647
3855 1.740161
3856 1.573824
3857 1.259865
3858 2.454787
3859 1.410161
3860 1.171277
3861 1.772931
3862 1.724392
3863 2.311160
3864 3.068638
3865 3.506840
3866 2.436661
3867 1.527186
3868 2.408375
3869 1.656611
3870 1.617102
3871 1.364565
3872 2.748783
3873 1.668954
3874 2.312196
3875 1.302116
3876 0.421043
3877 1.923957
3878 1.109989
3879 0.949587
3880 2.070237
3881 2.509896
3882 1.467464
3883 3.674327
3884 1.640387
3885 2.775507
3886 1.892640
3887 3.415140
3888 0.429415
3889 0.331039
3890 1.513203
3891 2.265772
3892 0.710961
3893 2.399241
3894 1.610703
3895 0.650299
3896 3.458733
3897 2.073526
3898 2.035253
3899 1.242460
3900 1.078619
3901 2.372183
3902 2.164082
3903 3.751784
3904 1.254536
3905 4.048491
3906 0.597157
3907 1.470467
3908 1.772499
3909 2.295953
3910 3.140397
3911 2.453519
3912 2.003536
3913 2.543573
3914 2.626896
3915 0.836048
3916 1.470177
3917 0.951691
3918 2.532471
3919 1.687815
3920 1.378747
3921 0.362494
3922 2.061757
3923 0.540465
3924 1.601765
3925 1.751063
3926 1.563197
3927 1.035649
3928 3.272205
3929 0.304042
3930 1.190236
3931 1.481348
3932 1.362308
3933 1.280855
3934 2.076791
3935 1.183176
3936 0.761610
3937 1.931050
3938 1.420847
3939 1.535876
3940 1.359785
3941 2.611911
3942 2.656509
3943 1.627439
3944 2.114562
3945 3.354393
3946 3.101072
3947 2.434100
3948 2.502702
3949 0.858118
3950 0.742057
3951 1.737068
3952 3.479874
3953 1.096189
3954 1.235423
3955 2.614464
3956 2.334155
3957 0.825548
3958 2.988024
3959 1.485768
3960 3.074796
3961 2.444607
3962 1.161428
3963 1.003060
3964 1.304666
3965 1.721419
3966 1.115285
3967 0.413589
3968 2.804570
3969 0.892410
3970 1.522796
3971 2.214942
3972 4.170628
3973 0.847314
3974 2.695250
3975 2.387356
3976 2.719104
3977 2.747289
3978 2.529631
3979 3.315767
3980 1.177856
3981 2.039564
3982 2.739195
3983 1.299260
3984 1.615741
3985 2.001812
3986 1.914635
3987 3.589443
3988 0.287376
3989 2.461903
3990 0.751035
3991 1.737324
3992 1.633011
3993 2.279544
3994 1.879115
3995 3.816834
3996 0.516158
3997 1.710031
3998 1.669066
3999 2.617991
4000 3.320866
4001 3.196181
4002 1.183343
4003 1.330232
4004 2.187279
4005 1.874791
4006 2.281163
4007 2.568689
4008 0.477774
4009 0.813285
4010 1.438568
4011 1.518031
4012 0.609756
4013 1.691063
4014 0.747100
4015 2.089909
4016 1.892170
4017 1.559170
4018 2.780836
4019 3.974705
4020 2.135066
4021 2.973844
4022 3.367218
4023 0.779151
4024 1.504468
4025 0.771675
4026 3.564583
4027 1.163905
4028 1.910659
4029 2.902315
4030 1.852368
4031 2.806046
4032 0.767437
4033 1.837944
4034 4.125197
4035 0.995665
4036 2.118223
4037 0.372649
4038 1.941636
4039 1.693379
4040 0.483789
4041 2.165869
4042 1.914804
4043 1.981060
4044 2.605534
4045 1.107461
4046 1.822991
4047 0.951896
4048 1.315669
4049 1.255882
4050 1.915746
4051 0.776453
4052 1.491945
4053 1.279634
4054 1.618887
4055 2.022115
4056 1.054173
4057 1.305083
4058 1.320057
4059 0.164227
4060 1.431319
4061 2.956981
4062 1.473271
4063 2.582680
4064 2.409202
4065 1.244059
4066 1.715464
4067 1.674526
4068 0.576109
4069 3.443031
4070 1.609286
4071 1.057664
4072 1.293312
4073 2.126244
4074 1.237144
4075 0.759436
4076 0.727233
4077 1.959641
4078 1.719965
4079 1.830282
4080 2.922571
4081 1.646696
4082 0.212731
4083 1.354486
4084 2.152536
4085 0.630009
4086 1.616417
4087 2.716814
4088 0.811995
4089 1.316437
4090 3.509869
4091 2.225535
4092 2.656242
4093 3.017741
4094 1.485978
4095 1.662605
4096 1.902274
4097 1.537070
4098 1.009849
4099 3.102178
4100 2.613840
4101 1.176302
4102 0.994529
4103 2.804709
4104 2.538194
4105 1.964374
4106 1.542648
4107 0.996285
4108 1.660479
4109 2.039882
4110 2.047019
4111 2.063155
4112 2.123330
4113 2.477362
4114 1.822803
4115 1.179749
4116 2.219673
4117 1.366379
4118 1.620456
4119 0.573207
4120 1.447378
4121 1.436483
4122 1.460873
4123 1.739339
4124 2.518216
4125 2.337144
4126 2.727228
4127 1.428726
4128 1.917072
4129 1.174136
4130 2.435958
4131 1.242682
4132 1.320388
4133 0.524248
4134 1.804452
4135 1.373317
4136 0.883871
4137 1.995890
4138 2.529798
4139 0.711554
4140 1.496955
4141 1.817292
4142 0.825390
4143 0.546227
4144 1.493442
4145 1.603600
4146 3.056357
4147 1.539293
4148 1.366211
4149 2.800203
4150 1.159997
4151 1.742201
4152 1.033696
4153 1.548462
4154 1.637714
4155 0.729039
4156 1.735931
4157 1.667701
4158 1.336677
4159 3.255095
4160 1.932311
4161 2.279802
4162 1.973022
4163 0.853355
4164 2.799328
4165 1.141967
4166 2.175992
4167 1.132873
4168 1.410832
4169 1.007061
4170 2.656127
4171 1.660207
4172 4.165923
4173 0.992030
4174 2.024360
4175 3.039218
4176 1.344306
4177 2.109523
4178 2.627475
4179 2.888538
4180 1.219581
4181 3.521218
4182 0.873821
4183 3.298917
4184 0.733861
4185 0.952789
4186 0.995289
4187 1.511116
4188 1.979380
4189 0.168721
4190 2.093809
4191 1.073289
4192 3.419839
4193 3.110174
4194 2.090890
4195 1.274186
4196 1.924592
4197 2.409023
4198 0.147129
4199 2.008011
4200 1.561701
4201 2.117771
4202 2.463184
4203 3.377237
4204 0.303262
4205 1.602185
4206 1.437616
4207 2.729543
4208 2.975891
4209 2.849957
4210 0.994874
4211 0.892825
4212 1.019935
4213 1.167933
4214 2.987253
4215 2.132805
4216 2.570778
4217 0.541029
4218 1.239593
4219 0.717673
4220 0.952853
4221 1.933580
4222 2.667837
4223 1.577798
4224 0.414632
4225 1.598061
4226 2.019180
4227 2.269882
4228 2.187954
4229 0.687670
4230 1.340857
4231 0.907998
4232 0.564559
4233 1.725350
4234 0.388626
4235 0.693194
4236 2.825641
4237 1.150756
4238 1.826030
4239 3.180895
4240 3.293339
4241 1.393630
4242 1.847474
4243 1.321109
4244 2.480953
4245 0.923087
4246 1.085215
4247 1.695413
4248 2.971388
4249 2.166130
4250 2.688391
4251 0.780486
4252 0.690463
4253 0.854617
4254 1.502346
4255 1.493236
4256 1.892640
4257 1.001084
4258 2.038088
4259 2.298523
4260 1.744611
4261 2.795239
4262 3.699443
4263 1.996498
4264 0.951178
4265 3.327490
4266 3.861514
4267 1.375358
4268 1.723004
4269 1.778339
4270 1.972505
4271 1.427182
4272 1.147127
4273 0.572380
4274 3.817673
4275 2.485710
4276 1.228301
4277 5.019122
4278 1.696896
4279 1.230531
4280 1.604834
4281 1.043419
4282 1.832932
4283 1.228464
4284 3.220974
4285 1.221490
4286 2.521574
4287 1.196680
4288 1.173636
4289 1.484187
4290 2.892868
4291 1.503341
4292 2.877022
4293 1.543983
4294 1.745413
4295 2.026841
4296 1.640989
4297 0.808663
4298 2.309185
4299 2.173868
4300 2.195012
4301 0.922669
4302 1.441210
4303 2.112236
4304 2.150157
4305 1.607358
4306 1.942833
4307 1.479938
4308 2.281770
4309 2.342120
4310 0.999700
4311 2.499063
4312 0.994233
4313 2.483338
4314 2.375076
4315 2.342675
4316 1.230929
4317 2.692125
4318 2.090177
4319 1.775013
4320 1.090769
4321 1.274910
4322 2.776818
4323 1.061882
4324 3.307594
4325 1.540254
4326 1.438793
4327 0.588430
4328 1.362108
4329 1.535079
4330 3.092032
4331 0.949232
4332 1.698248
4333 2.599023
4334 2.828278
4335 2.970396
4336 1.037128
4337 0.875858
4338 1.793192
4339 1.295357
4340 1.705921
4341 2.110107
4342 1.600209
4343 2.200688
4344 1.113524
4345 1.979608
4346 0.750179
4347 0.941405
4348 2.011837
4349 1.446418
4350 1.668801
4351 1.857250
4352 1.337968
4353 2.233462
4354 1.194890
4355 1.287420
4356 2.901868
4357 0.585001
4358 1.394189
4359 1.676143
4360 2.712848
4361 1.259179
4362 1.593087
4363 2.030799
4364 0.534719
4365 1.621846
4366 1.989493
4367 1.211330
4368 1.902030
4369 2.150417
4370 2.880056
4371 0.403546
4372 1.967184
4373 2.548852
4374 1.902143
4375 3.152154
4376 1.745144
4377 0.597262
4378 3.110008
4379 1.421832
4380 3.074149
4381 1.409172
4382 3.586623
4383 3.168907
4384 2.476983
4385 0.914643
4386 1.541336
4387 1.577431
4388 1.509700
4389 2.602255
4390 2.117768
4391 1.827622
4392 1.730407
4393 2.008742
4394 1.561009
4395 1.683003
4396 3.113994
4397 1.664075
4398 1.360146
4399 2.726306
4400 2.023642
4401 1.348739
4402 3.138020
4403 2.673049
4404 2.959372
4405 2.394080
4406 1.691732
4407 0.966531
4408 1.416585
4409 0.557254
4410 1.554622
4411 1.359162
4412 2.795410
4413 1.160562
4414 1.048491
4415 1.680049
4416 1.188021
4417 1.649231
4418 2.588786
4419 1.084359
4420 1.651284
4421 2.399292
4422 2.954191
4423 2.080715
4424 0.308617
4425 0.968383
4426 1.572800
4427 1.664652
4428 2.764815
4429 0.315658
4430 1.445171
4431 2.612941
4432 1.166393
4433 1.459566
4434 3.148566
4435 2.740095
4436 1.762591
4437 1.008974
4438 1.098389
4439 3.223739
4440 2.239845
4441 0.812951
4442 0.745234
4443 1.382540
4444 1.064587
4445 1.672016
4446 0.998209
4447 1.318299
4448 2.996148
4449 0.602495
4450 1.935221
4451 2.179130
4452 3.232769
4453 0.824179
4454 0.576585
4455 1.621187
4456 2.571094
4457 1.850727
4458 1.800302
4459 1.038879
4460 0.928015
4461 1.203561
4462 2.440390
4463 2.265725
4464 1.290045
4465 2.670701
4466 0.787843
4467 2.034286
4468 1.220118
4469 1.808457
4470 1.296423
4471 1.331933
4472 1.722633
4473 1.689104
4474 0.628230
4475 0.920985
4476 0.389089
4477 0.891113
4478 1.234258
4479 1.777241
4480 1.413966
4481 1.715842
4482 1.405970
4483 2.316922
4484 2.140403
4485 2.351546
4486 2.532617
4487 1.345602
4488 0.733198
4489 3.293383
4490 2.160185
4491 2.698124
4492 2.910837
4493 2.491869
4494 1.691600
4495 1.490234
4496 1.650033
4497 2.353049
4498 2.779020
4499 2.177411
4500 1.351363
4501 1.636649
4502 2.916030
4503 2.510439
4504 2.099928
4505 1.557646
4506 1.205342
4507 3.276618
4508 1.626521
4509 1.840734
4510 1.640386
4511 1.190538
4512 1.932801
4513 0.513651
4514 0.964447
4515 2.547802
4516 0.159629
4517 0.804477
4518 1.258650
4519 0.525541
4520 1.475960
4521 2.576012
4522 2.355123
4523 2.774510
4524 0.710971
4525 2.804879
4526 1.161156
4527 0.691183
4528 1.609817
4529 2.186693
4530 1.250329
4531 1.906968
4532 2.350606
4533 2.840722
4534 3.252110
4535 1.582270
4536 1.407107
4537 1.683757
4538 1.936115
4539 4.460493
4540 2.455134
4541 0.944144
4542 2.609474
4543 2.045503
4544 2.031706
4545 0.643947
4546 1.052896
4547 1.289750
4548 2.637442
4549 2.228975
4550 1.452033
4551 1.022754
4552 2.303392
4553 3.341998
4554 3.829705
4555 2.625535
4556 1.890381
4557 2.884636
4558 2.251151
4559 2.359276
4560 0.948553
4561 2.085300
4562 1.516375
4563 3.874027
4564 1.129800
4565 1.484553
4566 1.692327
4567 1.816289
4568 2.706287
4569 1.053096
4570 1.541417
4571 2.397891
4572 1.843821
4573 0.720250
4574 1.127209
4575 1.789988
4576 0.320924
4577 1.542325
4578 0.954475
4579 2.194201
4580 2.245569
4581 1.251839
4582 2.163004
4583 2.850454
4584 1.201392
4585 1.692227
4586 1.588788
4587 1.493136
4588 2.005919
4589 1.492538
4590 1.038721
4591 0.879433
4592 1.953680
4593 1.482823
4594 1.837366
4595 1.587553
4596 0.808787
4597 2.484637
4598 2.249905
4599 1.557860
4600 1.852441
4601 2.791847
4602 2.114745
4603 1.189349
4604 0.842298
4605 1.582280
4606 2.306310
4607 1.720708
4608 1.581818
4609 2.246775
4610 3.294077
4611 0.812373
4612 1.426630
4613 1.692753
4614 0.785428
4615 2.862149
4616 0.677213
4617 0.656667
4618 1.682474
4619 2.704947
4620 2.950734
4621 0.782660
4622 2.888972
4623 3.550581
4624 2.495619
4625 1.611470
4626 1.879363
4627 1.852222
4628 1.943874
4629 0.400844
4630 2.045797
4631 2.197020
4632 1.415205
4633 1.651415
4634 1.590851
4635 0.714675
4636 2.348415
4637 2.309258
4638 1.361822
4639 1.103558
4640 0.534738
4641 2.900956
4642 0.910021
4643 0.855684
4644 0.615715
4645 1.621681
4646 4.229156
4647 1.116250
4648 0.860250
4649 1.156099
4650 0.998228
4651 1.391392
4652 1.615192
4653 0.480298
4654 1.275376
4655 0.775997
4656 1.161633
4657 2.430939
4658 2.069812
4659 0.513016
4660 4.423300
4661 2.914037
4662 1.374298
4663 1.750025
4664 0.883094
4665 1.281591
4666 1.541554
4667 1.857178
4668 2.014654
4669 0.150954
4670 1.531622
4671 2.150860
4672 0.319702
4673 1.949557
4674 2.647912
4675 1.056225
4676 2.336074
4677 2.292470
4678 1.176023
4679 1.308541
4680 1.762563
4681 0.581526
4682 2.152859
4683 0.095357
4684 0.661280
4685 2.782675
4686 1.315916
4687 0.530110
4688 2.032008
4689 2.553279
4690 1.857675
4691 1.868822
4692 0.951846
4693 1.892067
4694 0.125285
4695 0.646643
4696 0.571439
4697 1.650912
4698 1.054199
4699 1.380994
4700 2.576735
4701 2.858850
4702 1.074533
4703 1.527749
4704 1.059723
4705 1.590507
4706 0.721723
4707 1.063866
4708 2.990979
4709 1.683932
4710 0.892750
4711 0.340453
4712 0.905705
4713 1.283776
4714 1.422967
4715 0.878380
4716 1.797913
4717 1.525718
4718 0.278142
4719 2.838862
4720 2.440352
4721 2.494359
4722 1.822409
4723 2.958309
4724 1.679350
4725 2.394449
4726 1.251088
4727 1.636474
4728 1.876371
4729 1.582554
4730 1.739575
4731 2.472083
4732 1.125761
4733 2.395994
4734 4.220674
4735 3.175959
4736 1.975896
4737 1.613738
4738 2.658169
4739 3.415981
4740 1.620727
4741 2.351225
4742 2.038588
4743 0.877380
4744 1.414775
4745 2.275333
4746 1.348030
4747 2.434298
4748 2.705341
4749 0.497365
4750 4.016403
4751 1.850612
4752 3.011662
4753 1.313694
4754 0.739813
4755 1.465343
4756 1.886080
4757 1.732393
4758 1.112062
4759 1.077314
4760 2.447260
4761 1.686220
4762 0.992675
4763 2.271804
4764 2.783715
4765 1.367927
4766 1.697617
4767 2.038651
4768 2.293700
4769 0.959182
4770 3.375117
4771 2.747354
4772 1.080770
4773 2.296430
4774 2.323199
4775 1.463989
4776 2.422312
4777 1.776091
4778 2.623235
4779 2.492195
4780 1.448145
4781 0.860942
4782 1.116303
4783 0.694493
4784 2.269261
4785 0.597363
4786 1.730796
4787 2.509819
4788 1.917633
4789 2.986498
4790 0.377395
4791 1.283827
4792 1.108307
4793 1.718782
4794 1.493562
4795 1.112478
4796 0.688341
4797 1.348935
4798 0.264617
4799 0.939163
4800 1.476489
4801 0.516978
4802 0.801708
4803 1.850363
4804 0.986491
4805 0.790250
4806 2.069611
4807 1.847001
4808 1.216460
4809 1.258423
4810 3.740359
4811 0.973062
4812 1.657084
4813 2.308601
4814 0.154694
4815 2.684076
4816 1.036942
4817 2.562736
4818 1.066249
4819 1.814393
4820 1.493740
4821 1.029774
4822 1.057249
4823 3.100345
4824 1.039027
4825 1.294646
4826 1.004569
4827 1.890578
4828 1.321480
4829 2.827804
4830 1.318403
4831 1.988609
4832 2.849239
4833 0.651321
4834 1.100789
4835 1.590645
4836 4.363816
4837 1.073585
4838 1.629284
4839 2.327972
4840 0.367828
4841 1.774691
4842 1.905759
4843 0.545580
4844 1.370156
4845 0.938669
4846 1.520977
4847 0.683113
4848 1.191247
4849 1.312492
4850 1.748966
4851 1.088741
4852 1.681978
4853 1.548722
4854 1.673771
4855 3.530536
4856 1.348601
4857 1.382090
4858 1.073474
4859 2.111272
4860 2.459071
4861 1.842692
4862 1.908157
4863 2.618123
4864 0.945802
4865 1.159645
4866 1.802092
4867 0.803990
4868 1.397861
4869 1.607741
4870 1.311118
4871 0.971008
4872 0.659495
4873 1.847792
4874 0.159639
4875 0.248808
4876 1.337123
4877 0.536221
4878 1.020202
4879 1.892351
4880 0.830590
4881 2.276859
4882 3.038152
4883 1.246427
4884 2.725324
4885 1.183809
4886 1.332294
4887 1.166624
4888 0.218283
4889 2.102641
4890 0.505068
4891 0.845150
4892 2.217640
4893 1.981483
4894 0.438798
4895 1.326825
4896 2.332423
4897 4.081068
4898 1.232441
4899 1.488773
4900 1.460518
4901 1.656768
4902 2.208308
4903 3.069124
4904 1.444392
4905 4.562455
4906 1.147897
4907 0.553162
4908 1.900838
4909 2.199408
4910 0.728366
4911 2.359298
4912 2.269811
4913 1.424205
4914 1.050272
4915 2.832945
4916 1.217414
4917 1.298940
4918 1.547169
4919 0.847646
4920 2.906486
4921 0.286933
4922 2.402248
4923 0.151567
4924 1.175567
4925 4.468225
4926 2.833528
4927 1.843540
4928 0.448296
4929 1.132293
4930 3.397457
4931 2.121635
4932 1.508207
4933 1.903968
4934 3.631061
4935 1.992809
4936 2.501314
4937 0.822426
4938 0.375853
4939 1.243212
4940 1.436655
4941 2.264917
4942 2.638381
4943 1.558238
4944 2.130788
4945 1.477192
4946 1.459261
4947 2.017798
4948 0.796279
4949 1.240607
4950 1.183224
4951 1.771369
4952 1.413661
4953 1.997669
4954 1.020325
4955 0.631835
4956 1.549965
4957 0.675958
4958 2.932293
4959 2.905792
4960 1.662791
4961 1.523003
4962 2.521410
4963 1.927867
4964 1.260572
4965 1.847355
4966 1.164889
4967 2.327727
4968 2.492523
4969 1.970742
4970 0.876481
4971 0.768230
4972 1.188879
4973 0.444879
4974 2.307997
4975 1.168789
4976 1.493677
4977 1.289398
4978 2.421076
4979 0.459763
4980 1.150372
4981 2.569861
4982 0.228482
4983 3.147933
4984 1.873399
4985 1.487965
4986 1.050827
4987 0.632153
4988 2.334368
4989 1.074775
4990 0.886060
4991 2.442082
4992 1.722752
4993 1.148103
4994 0.950014
4995 0.259877
4996 2.766505
4997 1.034835
4998 2.034602
4999 0.574471
5000 1.364348
5001 0.359445
5002 0.946737
5003 1.393523
5004 1.174953
5005 1.966934
5006 1.869422
5007 2.508980
5008 0.568067
5009 1.463738
5010 2.330458
5011 1.159971
5012 1.864701
5013 2.206592
5014 3.889749
5015 0.668974
5016 2.632525
5017 0.373868
5018 1.873137
5019 1.027617
5020 2.703896
5021 0.617306
5022 1.096395
5023 2.866693
5024 1.422163
5025 2.323728
5026 0.730299
5027 1.975120
5028 1.458327
5029 1.824284
5030 1.677493
5031 1.628193
5032 1.818576
5033 2.540510
5034 2.211330
5035 1.108560
5036 1.771294
5037 1.017636
5038 3.630202
5039 1.984817
5040 1.787928
5041 1.501539
5042 2.211259
5043 1.081950
5044 0.256117
5045 0.413230
5046 2.096766
5047 0.194638
5048 1.218708
5049 1.633212
5050 1.114708
5051 0.551038
5052 2.396307
5053 1.260212
5054 1.598453
5055 1.160892
5056 1.434268
5057 2.344408
5058 2.568176
5059 1.005814
5060 3.570447
5061 0.986474
5062 2.892392
5063 0.814785
5064 0.490266
5065 1.465290
5066 1.045690
5067 2.150443
5068 2.210641
5069 1.439949
5070 0.856994
5071 1.623129
5072 1.396112
5073 0.809453
5074 0.164171
5075 1.141175
5076 0.993713
5077 1.996364
5078 1.319836
5079 2.282641
5080 1.301583
5081 1.632707
5082 2.143902
5083 1.520403
5084 1.393331
5085 0.712960
5086 2.753760
5087 1.381067
5088 1.090943
5089 1.246107
5090 1.894179
5091 1.274864
5092 2.897946
5093 0.690145
5094 1.551732
5095 1.621589
5096 2.123951
5097 0.359138
5098 1.361658
5099 2.244088
5100 2.049540
5101 1.067249
5102 1.821563
5103 2.559361
5104 1.666385
5105 4.453362
5106 0.663880
5107 2.104370
5108 0.905849
5109 1.875271
5110 2.121242
5111 1.152632
5112 1.519486
5113 1.700997
5114 0.942586
5115 1.528613
5116 1.869726
5117 1.678810
5118 0.728344
5119 1.935127
5120 0.781085
5121 1.642544
5122 1.354743
5123 2.997615
5124 1.577844
5125 3.079213
5126 1.839763
5127 1.616300
5128 1.196114
5129 0.340581
5130 4.432192
5131 2.552225
5132 0.776288
5133 1.482265
5134 1.346574
5135 1.997187
5136 1.807261
5137 0.923573
5138 0.522491
5139 1.484779
5140 3.150194
5141 0.434517
5142 2.028699
5143 1.899260
5144 2.476399
5145 0.478801
5146 1.075644
5147 0.926688
5148 1.599772
5149 2.639806
5150 0.820206
5151 1.673306
5152 2.609921
5153 0.905209
5154 1.467795
5155 2.245564
5156 1.112780
5157 0.723612
5158 2.081897
5159 0.731006
5160 1.579011
5161 0.891939
5162 0.172625
5163 1.352208
5164 0.735541
5165 0.834143
5166 1.155661
5167 1.414815
5168 1.091523
5169 1.215126
5170 2.411469
5171 3.381503
5172 2.522508
5173 0.827029
5174 1.768615
5175 1.531408
5176 2.660137
5177 0.136305
5178 1.931048
5179 3.327566
5180 1.716367
5181 2.247766
5182 2.575932
5183 0.635683
5184 1.217153
5185 0.783115
5186 1.482203
5187 0.617647
5188 1.941648
5189 3.359786
5190 2.092233
5191 0.822777
5192 3.197534
5193 2.349128
5194 0.448772
5195 1.081815
5196 2.428572
5197 2.255323
5198 2.620524
5199 1.120100
5200 3.537398
5201 0.849807
5202 3.569070
5203 1.573975
5204 1.202133
5205 2.402078
5206 1.659872
5207 1.797776
5208 1.531255
5209 1.811198
5210 1.537253
5211 0.390689
5212 0.646994
5213 2.200251
5214 2.108051
5215 0.998609
5216 1.689664
5217 2.687366
5218 0.819998
5219 2.147491
5220 1.832021
5221 2.048690
5222 1.268993
5223 1.878931
5224 1.231978
5225 1.526584
5226 0.486383
5227 0.466897
5228 0.908128
5229 2.132269
5230 1.390121
5231 2.473928
5232 1.254845
5233 1.048151
5234 1.965582
5235 3.219360
5236 1.806478
5237 2.291893
5238 1.439376
5239 0.408192
5240 1.100821
5241 1.894549
5242 1.398751
5243 2.477511
5244 1.842427
5245 1.200849
5246 2.154962
5247 1.405409
5248 1.198539
5249 0.957546
5250 0.936074
5251 0.749359
5252 1.727806
5253 2.071235
5254 1.681647
5255 0.448082
5256 3.164243
5257 1.585021
5258 3.044990
5259 0.574475
5260 2.182275
5261 0.912257
5262 1.048847
5263 0.672281
5264 1.077903
5265 2.864450
5266 1.467442
5267 1.328395
5268 1.581514
5269 1.086452
5270 2.160114
5271 1.017477
5272 2.098585
5273 1.895259
5274 1.685723
5275 1.297656
5276 2.070666
5277 0.324467
5278 1.385408
5279 0.986779
5280 1.749174
5281 3.005877
5282 1.517407
5283 1.104073
5284 2.494114
5285 1.702335
5286 0.780529
5287 0.496358
5288 1.439812
5289 2.293558
5290 0.890181
5291 0.708785
5292 0.363459
5293 0.621130
5294 1.827109
5295 3.316625
5296 1.653432
5297 2.388550
5298 1.503341
5299 2.152194
5300 2.118844
5301 1.391342
5302 2.077161
5303 1.671676
5304 0.872853
5305 2.063159
5306 1.523384
5307 2.160803
5308 3.034547
5309 0.787735
5310 0.578402
5311 0.581598
5312 2.085430
5313 0.794473
5314 1.552661
5315 1.089738
5316 2.837677
5317 2.992715
5318 1.426457
5319 2.169045
5320 2.611400
5321 1.203590
5322 2.593049
5323 1.356536
5324 1.078557
5325 1.760561
5326 2.347193
5327 1.846636
5328 0.889152
5329 0.547245
5330 2.132111
5331 0.897350
5332 1.151726
5333 1.359497
5334 1.087359
5335 1.110255
5336 0.341039
5337 0.674555
5338 1.061911
5339 0.949455
5340 1.160281
5341 0.942046
5342 0.984595
5343 1.668049
5344 2.421391
5345 0.514260
5346 3.490828
5347 1.922915
5348 0.914368
5349 1.998097
5350 2.380953
5351 1.427167
5352 1.133840
5353 2.186818
5354 1.751445
5355 0.567146
5356 2.289939
5357 2.007534
5358 1.280200
5359 3.343027
5360 1.535847
5361 1.216958
5362 1.075262
5363 1.362977
5364 1.661893
5365 1.062371
5366 2.703918
5367 1.900064
5368 1.167419
5369 1.375217
5370 3.726507
5371 2.016342
5372 2.445312
5373 2.411885
5374 0.442468
5375 0.787966
5376 1.790941
5377 1.086035
5378 2.137640
5379 0.750187
5380 0.828190
5381 2.622772
5382 2.060105
5383 1.792394
5384 2.163985
5385 0.690075
5386 1.752802
5387 0.664963
5388 1.613404
5389 2.095854
5390 0.729300
5391 1.336175
5392 0.821338
5393 0.427453
5394 1.718599
5395 0.307936
5396 1.587498
5397 1.037058
5398 1.128240
5399 0.339523
5400 2.891360
5401 2.414863
5402 1.839284
5403 1.630496
5404 1.367998
5405 2.164798
5406 2.872475
5407 1.372240
5408 1.935128
5409 1.353207
5410 0.845905
5411 1.236909
5412 0.512670
5413 0.471499
5414 2.475129
5415 1.271693
5416 2.312167
5417 2.127192
5418 1.007247
5419 2.544275
5420 2.446950
5421 2.485397
5422 2.816893
5423 0.593665
5424 2.617985
5425 0.796965
5426 0.643586
5427 1.474249
5428 0.159280
5429 0.904566
5430 1.084084
5431 1.395264
5432 1.225367
5433 1.786537
5434 2.143686
5435 0.758922
5436 2.573002
5437 1.312583
5438 1.534208
5439 0.649041
5440 1.793216
5441 1.976504
5442 0.719024
5443 1.636917
5444 2.568680
5445 1.379344
5446 3.141103
5447 1.334687
5448 2.029856
5449 0.994524
5450 0.324395
5451 0.505099
5452 1.264047
5453 0.981856
5454 0.441941
5455 3.291150
5456 1.133872
5457 1.566985
5458 1.296130
5459 0.737376
5460 0.897077
5461 0.935351
5462 3.486251
5463 1.608438
5464 1.342680
5465 3.261837
5466 2.976483
5467 0.716551
5468 2.421217
5469 1.215065
5470 0.492234
5471 2.748262
5472 1.463844
5473 1.773507
5474 0.658576
5475 0.101616
5476 0.937225
5477 1.568934
5478 2.344849
5479 1.032446
5480 2.939299
5481 1.851002
5482 2.971182
5483 2.195283
5484 0.782965
5485 2.734751
5486 2.830493
5487 1.473010
5488 2.768511
5489 0.536018
5490 1.126469
5491 1.734022
5492 0.345304
5493 0.825252
5494 1.330271
5495 1.038280
5496 1.005253
5497 1.550861
5498 1.989924
5499 1.269282
5500 1.814598
5501 1.083874
5502 2.368557
5503 1.815935
5504 1.546992
5505 1.215494
5506 2.724513
5507 1.053064
5508 1.876136
5509 2.158662
5510 1.279183
5511 1.653935
5512 0.606925
5513 0.320907
5514 1.137516
5515 2.370854
5516 2.603640
5517 1.275242
5518 0.550526
5519 2.401616
5520 3.849055
5521 0.556271
5522 0.846331
5523 2.817744
5524 3.372802
5525 0.508067
5526 1.553287
5527 0.979510
5528 1.077227
5529 2.494694
5530 0.804393
5531 1.905352
5532 3.446350
5533 0.592143
5534 3.472439
5535 2.246663
5536 1.069612
5537 1.709307
5538 1.162230
5539 0.653124
5540 2.613631
5541 1.355630
5542 1.946321
5543 1.739133
5544 1.328865
5545 1.334160
5546 0.313002
5547 1.908893
5548 0.880391
5549 1.277578
5550 0.642808
5551 2.972723
5552 1.607311
5553 2.330138
5554 0.695844
5555 2.289002
5556 2.864570
5557 2.792078
5558 0.525792
5559 0.753984
5560 0.682860
5561 1.527817
5562 3.163415
5563 3.076076
5564 1.242208
5565 2.826182
5566 2.010767
5567 2.567563
5568 2.277729
5569 1.495741
5570 0.956030
5571 1.333158
5572 2.692049
5573 0.962152
5574 1.471433
5575 1.720423
5576 0.776867
5577 2.615069
5578 1.057244
5579 0.172861
5580 1.428237
5581 2.087742
5582 0.421201
5583 1.337868
5584 1.165691
5585 0.696101
5586 1.121746
5587 2.010029
5588 3.150857
5589 1.891167
5590 1.310394
5591 1.009724
5592 1.244359
5593 1.529991
5594 1.272493
5595 2.569792
5596 2.069567
5597 2.215252
5598 0.996567
5599 0.530344
5600 1.246101
5601 2.247183
5602 0.728272
5603 1.464737
5604 1.941609
5605 1.545884
5606 2.594624
5607 0.712111
5608 0.636190
5609 3.273994
5610 1.343612
5611 0.556681
5612 0.728204
5613 1.722389
5614 0.332948
5615 1.240718
5616 4.144188
5617 1.167447
5618 1.760689
5619 1.043171
5620 2.652030
5621 1.177150
5622 0.628860
5623 0.649953
5624 1.147664
5625 1.523559
5626 0.748803
5627 0.811965
5628 1.256448
5629 1.296633
5630 1.364614
5631 1.436378
5632 0.970826
5633 0.548812
5634 1.130765
5635 1.518609
5636 0.642787
5637 2.505174
5638 1.169215
5639 2.093275
5640 1.123041
5641 0.877102
5642 1.535358
5643 2.087512
5644 0.294548
5645 1.416071
5646 1.540560
5647 1.217428
5648 1.705338
5649 1.947320
5650 1.454913
5651 1.751364
5652 0.630826
5653 1.500472
5654 1.687706
5655 2.005086
5656 2.454797
5657 0.480468
5658 1.286820
5659 2.627475
5660 1.357463
5661 1.682400
5662 2.428911
5663 1.667030
5664 0.691612
5665 1.567994
5666 1.368612
5667 1.204247
5668 2.225030
5669 2.370273
5670 0.750009
5671 0.744702
5672 1.910195
5673 1.344492
5674 2.246127
5675 0.779134
5676 1.783625
5677 0.783014
5678 1.976249
5679 1.142462
5680 0.688350
5681 2.524799
5682 1.444005
5683 1.366684
5684 2.405174
5685 0.313765
5686 0.879303
5687 2.302049
5688 3.011124
5689 1.098015
5690 2.090841
5691 1.858925
5692 1.292439
5693 2.189950
5694 2.787730
5695 0.494762
5696 1.918765
5697 0.417293
5698 1.473534
5699 1.191276
5700 1.916772
5701 0.179649
5702 2.859977
5703 1.006906
5704 1.741182
5705 2.135157
5706 2.535389
5707 1.055869
5708 0.904459
5709 1.710342
5710 1.905332
5711 1.485486
5712 1.881551
5713 0.706291
5714 0.988820
5715 0.997372
5716 4.102114
5717 4.366693
5718 1.056555
5719 1.103558
5720 1.895338
5721 2.136832
5722 1.473362
5723 1.237737
5724 2.191912
5725 0.898339
5726 0.596220
5727 1.716082
5728 2.609505
5729 0.696313
5730 0.707646
5731 2.135519
5732 3.712309
5733 0.369603
5734 2.588249
5735 1.578022
5736 1.601239
5737 0.415333
5738 0.260970
5739 1.075221
5740 1.799282
5741 1.677481
5742 1.889926
5743 0.578795
5744 1.045984
5745 1.616941
5746 1.800467
5747 1.334585
5748 2.190693
5749 1.244711
5750 2.227939
5751 1.642764
5752 1.539294
5753 2.600649
5754 1.755740
5755 1.908556
5756 0.963094
5757 1.726262
5758 1.052418
5759 1.035517
5760 0.602267
5761 0.105573
5762 1.952080
5763 1.031298
5764 0.389553
5765 1.635231
5766 0.782507
5767 0.846068
5768 3.003288
5769 1.052224
5770 1.781623
5771 1.972550
5772 0.360015
5773 0.984981
5774 0.498528
5775 0.840478
5776 1.887518
5777 0.816834
5778 2.033192
5779 0.919205
5780 1.000447
5781 1.602669
5782 1.733502
5783 4.127533
5784 2.040045
5785 2.559131
5786 0.588198
5787 2.133363
5788 0.497559
5789 2.580799
5790 0.523068
5791 2.342814
5792 0.430453
5793 0.559300
5794 1.192372
5795 1.476568
5796 1.776852
5797 0.192708
5798 1.582157
5799 0.615170
5800 1.629458
5801 1.036426
5802 1.257008
5803 1.643206
5804 2.254312
5805 1.164299
5806 1.768250
5807 2.197301
5808 0.742551
5809 2.138305
5810 1.725318
5811 1.266213
5812 2.440343
5813 1.619596
5814 2.742269
5815 2.059644
5816 2.004264
5817 1.632806
5818 3.200561
5819 2.067206
5820 0.843328
5821 1.724945
5822 0.789289
5823 0.480845
5824 1.565305
5825 1.306187
5826 1.593848
5827 0.715345
5828 2.080796
5829 0.561980
5830 1.919327
5831 1.289201
5832 2.307270
5833 2.170485
5834 0.649058
5835 0.488234
5836 1.531759
5837 1.514301
5838 1.899634
5839 0.641101
5840 1.619575
5841 2.699224
5842 0.612829
5843 0.475491
5844 0.704840
5845 0.069078
5846 1.998846
5847 1.334683
5848 0.710377
5849 1.088758
5850 2.496623
5851 1.036114
5852 1.373565
5853 3.379420
5854 0.580119
5855 1.150143
5856 1.093653
5857 0.553767
5858 2.553177
5859 1.552047
5860 2.076041
5861 3.352646
5862 0.510450
5863 3.285811
5864 1.333204
5865 1.568106
5866 0.705955
5867 0.855799
5868 1.029577
5869 0.212953
5870 0.371711
5871 1.320357
5872 2.939002
5873 3.140085
5874 1.582536
5875 1.403647
5876 1.185823
5877 0.907090
5878 0.500332
5879 0.669318
5880 0.726030
5881 1.653535
5882 1.102113
5883 1.151460
5884 1.685748
5885 2.534618
5886 1.496958
5887 2.152050
5888 1.567957
5889 2.540307
5890 1.953041
5891 2.155343
5892 2.389420
5893 2.525578
5894 0.619371
5895 1.955754
5896 1.192039
5897 2.358008
5898 1.730197
5899 2.089663
5900 1.120254
5901 2.677547
5902 2.945089
5903 0.425527
5904 1.229190
5905 0.447767
5906 3.226765
5907 2.430674
5908 2.443115
5909 1.978853
5910 2.082707
5911 0.510939
5912 1.618795
5913 1.497262
5914 2.610483
5915 0.282140
5916 0.596237
5917 1.484403
5918 1.394441
5919 0.864609
5920 1.598450
5921 1.408559
5922 1.858205
5923 0.930536
5924 1.267284
5925 2.090671
5926 0.954570
5927 0.882697
5928 1.294473
5929 3.059370
5930 1.249089
5931 1.178111
5932 3.176183
5933 0.114697
5934 1.576998
5935 3.526488
5936 1.465442
5937 0.906471
5938 2.412139
5939 2.550567
5940 1.958298
5941 0.299825
5942 3.281425
5943 1.833128
5944 0.089852
5945 1.906138
5946 2.336124
5947 1.033641
5948 2.536706
5949 3.269765
5950 0.822277
5951 2.004380
5952 0.194725
5953 0.597877
5954 0.829127
5955 1.661394
5956 1.669387
5957 1.729540
5958 0.936349
5959 0.138986
5960 1.387876
5961 0.711762
5962 1.082376
5963 1.199274
5964 2.136421
5965 3.410747
5966 1.212837
5967 0.838069
5968 1.765058
5969 1.451719
5970 3.171216
5971 0.905545
5972 1.975686
5973 1.404793
5974 1.246053
5975 1.317300
5976 2.522903
5977 0.487514
5978 2.360392
5979 1.313933
5980 1.565722
5981 1.147776
5982 1.044787
5983 1.625854
5984 2.722856
5985 0.380367
5986 1.787811
5987 1.049412
5988 0.805433
5989 1.929012
5990 0.303424
5991 2.524613
5992 2.924684
5993 1.260154
5994 2.405007
5995 0.812018
5996 0.952185
5997 2.099184
5998 1.760470
5999 0.967664
