0 114.702420
1 40.738145
2 40.298960
3 24.472923
4 24.313784
5 23.416329
6 23.257694
7 22.380098
8 22.208484
9 23.188715
10 23.494549
11 23.949566
12 22.621600
13 22.942233
14 22.823659
15 22.703080
16 21.395097
17 19.150819
18 23.249401
19 23.761424
20 22.888718
21 21.149194
22 23.805157
23 23.371627
24 22.317865
25 19.605715
26 20.515408
27 21.028534
28 22.399896
29 21.766378
30 20.774264
31 18.409015
32 22.715827
33 20.360310
34 20.098887
35 21.234868
36 20.972990
37 18.910793
38 20.370204
39 20.034492
40 17.162139
41 16.827163
42 16.667407
43 20.788772
44 19.272026
45 18.646163
46 17.845668
47 21.356758
48 19.713502
49 16.526463
50 17.659768
51 19.091260
52 20.133861
53 20.345068
54 19.551483
55 19.514333
56 18.124109
57 19.495767
58 19.350328
59 18.283348
60 22.136857
61 18.594659
62 18.404816
63 15.380528
64 17.760926
65 15.670440
66 17.455095
67 18.537142
68 16.839286
69 16.816884
70 18.605941
71 21.309563
72 18.326723
73 16.156150
74 19.118527
75 18.801091
76 16.166077
77 17.748531
78 18.593085
79 16.293820
80 17.060408
81 17.323704
82 17.410271
83 15.997392
84 14.418482
85 16.109189
86 16.858190
87 14.560653
88 18.323048
89 15.886008
90 14.097640
91 15.494915
92 16.080056
93 14.661111
94 17.429301
95 17.205084
96 16.990222
97 19.475977
98 16.655881
99 17.915057
100 13.441612
101 16.023371
102 13.704025
103 16.814724
104 14.187916
105 16.311088
106 15.121213
107 15.780205
108 15.468260
109 14.796923
110 13.388928
111 15.714880
112 13.762335
113 16.848094
114 18.906256
115 16.028031
116 15.151458
117 15.698696
118 17.903745
119 15.307656
120 14.748523
121 19.251548
122 18.339287
123 16.949452
124 15.186713
125 17.957448
126 14.085754
127 15.008238
128 17.680268
129 15.302182
130 12.718595
131 14.825662
132 19.032716
133 15.654920
134 13.406094
135 12.469837
136 14.482084
137 14.649248
138 16.693504
139 15.949939
140 13.720055
141 16.837809
142 13.809003
143 15.964108
144 15.289729
145 15.619434
146 15.112277
147 16.574875
148 16.217409
149 17.044541
150 14.157605
151 16.592012
152 16.408041
153 14.512802
154 13.783372
155 16.007779
156 15.687229
157 10.889115
158 16.682800
159 12.412460
160 12.563513
161 9.980265
162 16.137354
163 13.546107
164 17.473889
165 15.343748
166 16.076925
167 13.877365
168 14.795719
169 11.643153
170 14.918896
171 11.222925
172 12.001492
173 13.938592
174 13.893027
175 12.803077
176 14.343054
177 13.410477
178 10.568860
179 12.730575
180 11.128519
181 14.520143
182 12.709297
183 11.561089
184 10.825797
185 10.753045
186 11.441992
187 12.340177
188 13.235910
189 11.736433
190 10.839395
191 10.213537
192 12.334323
193 10.957212
194 10.776402
195 12.323394
196 10.700539
197 11.773038
198 11.711498
199 10.604277
200 9.739475
201 15.165419
202 10.924957
203 12.091470
204 10.111500
205 12.396875
206 10.737043
207 10.536983
208 11.061623
209 12.629918
210 10.312240
211 11.200785
212 12.700723
213 9.276149
214 10.147239
215 10.091167
216 11.034949
217 9.736637
218 10.401398
219 12.031664
220 11.475938
221 8.739179
222 9.887439
223 10.556099
224 11.855535
225 10.460723
226 9.531595
227 9.461136
228 12.618258
229 10.691963
230 9.595563
231 9.712784
232 10.615275
233 10.201912
234 11.097581
235 9.062961
236 9.821810
237 10.589770
238 9.563213
239 8.828066
240 6.898374
241 10.802026
242 9.844477
243 11.641297
244 13.587510
245 8.477175
246 8.368506
247 9.626168
248 8.777737
249 7.949038
250 11.362219
251 8.440159
252 8.347031
253 9.210282
254 10.377809
255 9.455368
256 11.363574
257 13.216753
258 9.085027
259 10.362774
260 7.822667
261 7.754051
262 10.023709
263 10.911660
264 9.794796
265 14.340080
266 11.264888
267 8.334221
268 9.730195
269 8.566200
270 10.318241
271 8.956871
272 11.330824
273 10.148136
274 11.664233
275 9.001071
276 10.818610
277 11.587110
278 10.060749
279 8.271087
280 8.824620
281 7.406039
282 8.023410
283 9.092437
284 10.967439
285 10.953020
286 8.557062
287 7.393234
288 8.569842
289 10.144375
290 8.563337
291 9.674917
292 8.153666
293 12.350093
294 12.348422
295 8.738354
296 13.095351
297 12.572442
298 9.769010
299 8.232387
300 11.518250
301 8.500428
302 8.506011
303 10.536526
304 8.853441
305 8.090383
306 10.452114
307 8.199091
308 8.558868
309 10.228241
310 9.293112
311 8.998764
312 9.499907
313 8.833667
314 7.131512
315 7.609964
316 10.413496
317 9.050494
318 5.772026
319 8.937241
320 9.606769
321 7.742427
322 12.779798
323 11.925298
324 10.001259
325 9.301914
326 9.164372
327 10.899489
328 7.811363
329 11.053574
330 13.738488
331 12.857797
332 7.730491
333 8.539047
334 11.351841
335 9.737213
336 8.113478
337 11.142685
338 7.668462
339 7.854242
340 7.813988
341 10.284436
342 9.746917
343 7.595308
344 7.893973
345 10.568981
346 9.543991
347 9.321712
348 8.601861
349 7.907615
350 8.280445
351 9.522753
352 8.499956
353 10.898384
354 7.414111
355 8.424939
356 9.966548
357 12.000974
358 8.228821
359 9.280525
360 9.821020
361 9.038033
362 10.765103
363 9.545708
364 8.275086
365 9.120914
366 10.632415
367 8.015582
368 9.074702
369 8.266507
370 11.364156
371 8.200127
372 11.639112
373 6.008288
374 7.070777
375 9.115232
376 9.792282
377 10.636012
378 7.907744
379 7.921523
380 7.726091
381 10.155276
382 6.372353
383 9.139545
384 13.272758
385 8.947577
386 9.324386
387 8.546501
388 7.357748
389 8.762221
390 9.908506
391 11.248615
392 7.119481
393 9.890880
394 9.423694
395 12.250769
396 4.270205
397 8.096684
398 9.974492
399 12.349291
400 10.429836
401 7.508957
402 11.116415
403 6.722485
404 4.414469
405 8.255823
406 9.341830
407 8.041689
408 8.958587
409 10.003943
410 10.443800
411 9.644923
412 7.882649
413 12.049019
414 7.802766
415 11.866324
416 7.276004
417 9.102852
418 10.597081
419 7.253346
420 6.353644
421 11.210837
422 7.370358
423 11.002892
424 10.649343
425 9.895678
426 11.260789
427 7.653750
428 6.891952
429 9.725161
430 9.177005
431 9.375203
432 12.258681
433 8.613789
434 8.899125
435 9.425265
436 7.609377
437 10.355237
438 8.002878
439 10.995848
440 9.619805
441 7.290406
442 7.331250
443 6.388410
444 11.512856
445 7.655075
446 9.441580
447 8.001501
448 10.118012
449 10.343846
450 6.543485
451 8.572680
452 10.201875
453 8.877543
454 9.401138
455 10.754171
456 7.381222
457 9.480779
458 6.115448
459 7.908371
460 10.824985
461 8.117817
462 12.172849
463 4.865081
464 8.438254
465 7.578054
466 8.349493
467 6.549778
468 6.739542
469 11.253067
470 9.776227
471 8.732495
472 8.865096
473 13.240646
474 10.432118
475 7.786180
476 9.135153
477 12.063242
478 10.126877
479 7.753314
480 8.697639
481 5.810694
482 9.523009
483 10.754631
484 8.245084
485 8.381788
486 9.578269
487 8.764264
488 8.477252
489 8.147988
490 9.182591
491 6.517813
492 9.064355
493 9.812522
494 11.600727
495 9.085357
496 9.419636
497 8.978680
498 7.638836
499 8.197144
500 9.141615
501 6.951006
502 8.886781
503 9.699385
504 8.132595
505 9.298141
506 8.955019
507 8.047215
508 10.858842
509 8.127089
510 9.941264
511 8.897860
512 7.653909
513 8.240055
514 9.397109
515 8.021794
516 8.702071
517 12.017091
518 8.128593
519 9.935033
520 8.997472
521 10.011494
522 8.430091
523 8.142709
524 8.956121
525 7.171799
526 9.137152
527 6.442435
528 8.930528
529 10.071334
530 12.502476
531 6.810662
532 10.486574
533 9.485803
534 9.408429
535 8.460101
536 10.966600
537 8.515817
538 9.079814
539 7.654501
540 8.018944
541 7.681295
542 10.466892
543 8.897367
544 5.979933
545 9.298648
546 8.231522
547 13.226845
548 9.701305
549 10.702399
550 7.646450
551 9.259366
552 11.933155
553 9.376609
554 6.171015
555 6.371269
556 7.139358
557 8.499365
558 7.930500
559 6.381277
560 9.087875
561 8.851803
562 10.182367
563 9.301060
564 7.169933
565 7.187586
566 5.901600
567 10.709966
568 6.997240
569 10.014477
570 6.517935
571 10.735848
572 6.265651
573 7.336504
574 7.996515
575 10.804731
576 5.952069
577 7.544730
578 8.101189
579 7.131521
580 11.588753
581 5.438018
582 6.698581
583 8.261042
584 8.117359
585 7.001098
586 6.740742
587 8.600583
588 8.938483
589 6.745331
590 7.652093
591 7.635612
592 8.241457
593 9.499189
594 9.764214
595 10.192876
596 6.368277
597 8.653122
598 9.905336
599 9.617435
600 9.410946
601 8.367646
602 7.716009
603 8.308282
604 8.196474
605 8.947646
606 7.006477
607 8.690276
608 4.830531
609 8.422512
610 8.904113
611 7.898770
612 7.503179
613 8.710137
614 10.161507
615 8.272983
616 8.986107
617 7.142383
618 6.507325
619 8.411098
620 3.997276
621 5.975688
622 9.165588
623 7.553307
624 6.228288
625 6.386140
626 9.316068
627 8.305393
628 7.649169
629 5.014754
630 7.208263
631 7.386248
632 5.635339
633 7.211700
634 6.597287
635 6.484609
636 7.430563
637 6.422904
638 4.509414
639 8.784147
640 5.941058
641 6.653907
642 5.989633
643 8.174453
644 6.137009
645 6.116380
646 5.977462
647 6.582547
648 7.407826
649 5.262925
650 6.213852
651 5.566517
652 4.237492
653 4.177871
654 6.662729
655 9.588060
656 4.657816
657 6.359463
658 5.350544
659 7.699891
660 8.514867
661 7.424176
662 6.608906
663 7.402083
664 5.723922
665 6.209040
666 7.282914
667 7.315410
668 2.138168
669 6.208715
670 7.059900
671 3.909988
672 5.267191
673 7.923216
674 7.614944
675 4.891020
676 7.817487
677 9.132072
678 4.734942
679 7.550110
680 7.538125
681 8.042621
682 7.226110
683 7.965615
684 5.622769
685 7.687582
686 4.685637
687 6.508381
688 9.635937
689 6.007012
690 3.445645
691 5.334535
692 5.722261
693 7.778666
694 6.057653
695 2.460319
696 6.619400
697 5.386539
698 8.174724
699 4.787761
700 6.773635
701 6.469706
702 4.639367
703 6.000256
704 6.588933
705 4.278326
706 10.544784
707 5.577342
708 5.010737
709 4.681306
710 9.134436
711 8.119971
712 8.812161
713 5.662797
714 5.957715
715 5.289513
716 6.222636
717 6.402857
718 4.102359
719 6.096251
720 6.148660
721 6.625084
722 6.974534
723 8.220183
724 5.452434
725 6.364293
726 5.493299
727 6.698469
728 3.635359
729 5.180400
730 5.108832
731 5.721282
732 6.363203
733 4.433420
734 8.824898
735 6.723102
736 4.821058
737 5.564340
738 9.053147
739 6.655634
740 6.564254
741 2.749720
742 7.086254
743 6.496195
744 7.662183
745 8.694057
746 7.567740
747 4.641191
748 5.269191
749 5.649266
750 4.025493
751 7.672558
752 4.911259
753 4.005342
754 4.202474
755 4.137416
756 6.591260
757 5.055804
758 4.949580
759 8.322804
760 6.199556
761 5.867112
762 6.403703
763 6.518527
764 5.813691
765 4.715156
766 7.396536
767 5.196064
768 8.022226
769 8.147440
770 5.402826
771 5.562104
772 6.562451
773 4.149442
774 5.389051
775 4.943539
776 3.375572
777 4.455047
778 8.599545
779 4.563266
780 3.670067
781 3.297590
782 3.944657
783 6.587462
784 4.113659
785 6.230514
786 6.610421
787 5.624941
788 6.796023
789 5.347000
790 3.180500
791 4.154044
792 5.846818
793 5.480624
794 6.553888
795 7.609537
796 6.090225
797 4.948662
798 3.636163
799 5.247944
800 5.041367
801 5.598535
802 5.208533
803 4.895594
804 2.608570
805 4.106800
806 5.636152
807 2.705966
808 3.757569
809 5.645373
810 3.921506
811 5.157725
812 5.006201
813 5.029808
814 5.605634
815 4.982166
816 3.228280
817 4.600571
818 3.822146
819 4.637394
820 3.917513
821 4.965483
822 5.886115
823 4.946996
824 2.281859
825 2.694689
826 3.745274
827 5.336650
828 3.696400
829 4.204616
830 4.041671
831 3.417545
832 1.791122
833 3.543185
834 3.857338
835 4.395940
836 2.437040
837 2.774806
838 4.336863
839 3.229678
840 2.075382
841 4.089265
842 3.179468
843 4.156159
844 3.683281
845 5.269709
846 3.025810
847 3.787096
848 2.581379
849 3.245925
850 3.616746
851 3.842271
852 4.624307
853 4.406970
854 3.373748
855 2.421480
856 5.620022
857 1.939822
858 4.037570
859 3.305676
860 3.631804
861 2.602799
862 2.808380
863 4.300281
864 4.225843
865 2.388393
866 5.057173
867 3.819584
868 3.450128
869 3.209067
870 4.568112
871 6.831691
872 3.457610
873 2.660688
874 1.571176
875 6.072813
876 3.456142
877 3.180630
878 4.181265
879 2.453223
880 2.050714
881 3.056869
882 6.391485
883 3.303313
884 4.035007
885 4.500655
886 2.746322
887 2.349102
888 3.758315
889 2.780430
890 4.065077
891 3.164466
892 2.457659
893 4.326931
894 3.499703
895 3.019865
896 2.442766
897 3.220343
898 3.968161
899 3.621851
900 4.223982
901 2.266468
902 3.539697
903 3.965923
904 3.527298
905 2.503060
906 2.490915
907 5.240490
908 2.749502
909 4.992142
910 4.511474
911 4.345999
912 4.312237
913 3.427500
914 3.244118
915 3.277461
916 5.778423
917 4.845610
918 4.486243
919 3.839117
920 3.393147
921 5.589091
922 3.652806
923 3.311074
924 4.102229
925 5.101378
926 4.429548
927 3.813178
928 4.512577
929 4.966979
930 4.264631
931 4.012960
932 3.259085
933 2.266780
934 5.020983
935 2.342402
936 6.298297
937 2.131666
938 3.444583
939 3.408357
940 3.004007
941 5.056344
942 4.014965
943 4.821685
944 2.573427
945 3.557021
946 4.448886
947 4.335759
948 3.680181
949 2.442367
950 2.862787
951 2.834414
952 3.970236
953 3.042293
954 2.104633
955 2.530826
956 1.356187
957 3.443387
958 3.887919
959 3.585000
960 2.711583
961 3.174995
962 3.396438
963 1.486763
964 1.843380
965 2.832577
966 3.465677
967 2.423726
968 2.123151
969 4.886388
970 3.478873
971 2.099184
972 2.889562
973 2.764000
974 2.150483
975 3.972635
976 2.159426
977 3.678171
978 4.834658
979 2.361178
980 5.527502
981 3.832400
982 1.987440
983 2.513893
984 4.378073
985 4.302320
986 2.661444
987 1.964121
988 4.532286
989 2.503644
990 2.982060
991 3.030264
992 3.177111
993 1.626966
994 5.348991
995 3.948585
996 1.949745
997 3.774522
998 4.939980
999 1.919896
1000 4.340852
1001 2.377844
1002 4.983167
1003 3.754514
1004 3.161760
1005 4.319204
1006 3.693980
1007 4.008177
1008 4.095215
1009 3.084857
1010 4.169086
1011 5.859541
1012 3.451032
1013 1.726396
1014 3.818282
1015 4.139103
1016 2.513696
1017 2.454678
1018 3.476332
1019 1.837792
1020 2.156291
1021 3.884384
1022 1.511106
1023 3.409851
1024 3.954435
1025 3.036086
1026 4.876763
1027 4.094641
1028 1.586394
1029 1.594393
1030 2.620217
1031 2.014154
1032 3.650554
1033 5.831617
1034 2.051590
1035 2.771886
1036 2.479337
1037 3.429910
1038 1.434604
1039 2.892469
1040 2.476725
1041 3.218983
1042 2.556689
1043 1.656312
1044 5.052308
1045 2.922296
1046 3.789793
1047 3.897271
1048 2.744300
1049 3.293087
1050 3.845371
1051 2.904949
1052 4.127271
1053 2.566328
1054 4.093444
1055 4.260871
1056 3.210052
1057 4.044685
1058 3.867356
1059 2.392674
1060 3.570321
1061 2.626934
1062 3.477565
1063 3.685206
1064 2.946877
1065 2.049930
1066 2.003280
1067 3.488516
1068 2.745428
1069 2.523717
1070 2.839801
1071 3.397960
1072 4.015738
1073 3.157982
1074 2.821047
1075 4.083608
1076 2.949354
1077 2.428592
1078 3.312663
1079 3.033686
1080 3.143895
1081 1.214288
1082 3.166857
1083 1.784809
1084 3.004407
1085 2.640681
1086 4.247072
1087 2.771008
1088 3.360230
1089 4.344390
1090 3.135992
1091 4.089085
1092 2.261634
1093 1.376257
1094 2.092319
1095 4.048272
1096 2.967106
1097 2.693249
1098 2.122977
1099 1.530249
1100 3.494321
1101 1.784121
1102 3.399866
1103 2.514544
1104 1.655239
1105 3.324497
1106 4.430201
1107 3.868670
1108 2.693355
1109 1.805152
1110 2.188206
1111 2.286637
1112 2.762002
1113 1.297820
1114 2.350222
1115 3.216585
1116 3.439886
1117 1.701830
1118 3.853071
1119 3.477216
1120 3.066315
1121 3.172695
1122 3.066062
1123 4.931637
1124 2.610436
1125 4.841281
1126 2.213593
1127 3.996593
1128 3.109025
1129 3.420649
1130 2.544205
1131 3.387748
1132 3.166228
1133 3.859332
1134 3.051226
1135 6.447701
1136 3.257536
1137 4.263916
1138 3.426966
1139 4.938351
1140 5.292539
1141 1.964341
1142 4.943077
1143 1.939430
1144 3.712121
1145 2.799910
1146 1.936337
1147 3.456951
1148 3.004940
1149 3.084561
1150 2.712956
1151 2.569136
1152 2.601422
1153 2.070983
1154 2.006504
1155 5.037247
1156 3.077223
1157 3.255592
1158 3.710435
1159 1.785647
1160 3.477849
1161 6.736624
1162 3.389418
1163 2.233624
1164 3.218671
1165 5.239662
1166 2.026714
1167 1.183982
1168 2.546013
1169 3.336032
1170 4.788706
1171 2.111552
1172 1.979180
1173 2.170114
1174 3.941842
1175 2.819319
1176 0.958467
1177 2.193937
1178 1.936951
1179 2.041791
1180 1.653824
1181 3.213559
1182 1.280675
1183 2.462500
1184 2.182833
1185 4.130405
1186 2.613037
1187 1.658075
1188 1.489845
1189 1.957379
1190 2.039220
1191 2.785943
1192 4.550079
1193 2.289648
1194 2.021719
1195 2.373913
1196 5.079860
1197 0.828234
1198 3.522405
1199 4.690066
1200 2.530673
1201 3.098978
1202 5.578985
1203 2.642106
1204 1.550508
1205 2.073274
1206 2.516012
1207 1.922426
1208 2.224323
1209 3.343084
1210 2.061418
1211 3.072675
1212 2.666306
1213 0.579906
1214 1.863808
1215 2.141502
1216 3.554961
1217 1.735921
1218 2.817014
1219 5.825337
1220 2.517437
1221 4.212070
1222 3.348635
1223 3.512947
1224 3.698777
1225 3.208447
1226 2.134403
1227 1.627082
1228 5.043598
1229 1.732469
1230 2.216539
1231 2.110441
1232 2.116427
1233 3.584634
1234 2.593805
1235 2.966653
1236 2.895740
1237 3.640954
1238 4.142059
1239 3.518014
1240 3.045852
1241 2.977995
1242 1.611307
1243 4.946074
1244 3.089150
1245 2.944152
1246 1.771469
1247 4.151733
1248 3.292998
1249 4.186870
1250 2.431776
1251 1.972077
1252 2.079642
1253 4.303010
1254 2.940402
1255 1.769042
1256 0.675887
1257 4.737634
1258 3.717828
1259 1.567916
1260 2.812151
1261 2.823957
1262 2.819711
1263 1.840806
1264 1.395334
1265 1.450437
1266 2.649769
1267 3.181465
1268 2.119874
1269 1.834856
1270 2.995731
1271 3.394237
1272 4.958051
1273 1.496347
1274 4.648560
1275 1.573397
1276 1.982239
1277 2.093194
1278 4.639906
1279 1.664026
1280 2.090572
1281 3.091275
1282 1.899267
1283 2.451347
1284 4.008336
1285 3.167520
1286 1.637565
1287 2.371391
1288 2.403377
1289 5.068193
1290 5.622613
1291 4.071536
1292 1.249698
1293 4.640547
1294 2.541207
1295 1.626492
1296 3.842544
1297 2.987995
1298 1.489243
1299 2.812695
1300 2.259956
1301 5.125999
1302 3.901650
1303 2.499624
1304 3.673049
1305 3.369207
1306 2.266455
1307 3.174098
1308 1.570094
1309 1.951022
1310 3.300219
1311 1.413759
1312 2.727278
1313 4.206094
1314 4.565427
1315 1.460089
1316 2.046817
1317 0.691484
1318 2.418436
1319 2.867900
1320 3.211549
1321 3.129378
1322 3.040565
1323 2.745185
1324 1.845269
1325 3.598468
1326 2.140899
1327 3.985007
1328 3.105776
1329 3.876536
1330 5.147213
1331 1.674072
1332 2.835109
1333 3.362089
1334 2.553063
1335 5.116599
1336 2.992036
1337 3.423691
1338 2.533302
1339 3.656621
1340 1.811448
1341 3.267901
1342 4.222783
1343 3.043344
1344 1.836007
1345 2.755570
1346 0.771891
1347 4.317675
1348 4.240399
1349 2.371667
1350 3.799243
1351 2.848927
1352 0.929033
1353 4.402685
1354 5.118218
1355 2.720026
1356 3.477573
1357 2.437961
1358 1.878906
1359 2.537456
1360 0.963113
1361 1.638619
1362 1.939853
1363 5.622571
1364 3.175838
1365 3.088724
1366 2.955140
1367 3.309088
1368 2.222144
1369 5.071585
1370 3.404553
1371 4.068514
1372 1.932658
1373 1.808513
1374 3.838856
1375 1.647871
1376 3.906832
1377 5.296554
1378 2.746640
1379 4.457161
1380 1.433956
1381 2.164535
1382 2.023487
1383 2.510192
1384 3.887571
1385 2.058170
1386 3.052028
1387 2.107650
1388 3.113459
1389 4.460930
1390 2.267880
1391 0.941933
1392 3.001245
1393 1.973074
1394 4.524673
1395 2.297037
1396 2.788366
1397 4.371667
1398 2.779447
1399 1.617787
1400 2.122088
1401 1.200116
1402 2.486428
1403 3.655374
1404 2.253294
1405 2.107908
1406 2.443948
1407 0.963518
1408 0.962282
1409 1.311012
1410 1.110013
1411 0.788080
1412 1.981921
1413 4.467364
1414 1.216529
1415 2.741705
1416 2.159378
1417 5.109830
1418 3.237058
1419 1.819833
1420 3.328119
1421 3.872754
1422 4.482872
1423 3.931423
1424 2.638259
1425 3.505339
1426 2.827715
1427 6.724359
1428 4.125149
1429 2.338245
1430 3.634622
1431 2.717599
1432 1.829306
1433 1.714435
1434 2.857337
1435 2.218191
1436 3.394606
1437 2.469834
1438 1.177349
1439 3.435700
1440 4.234432
1441 2.093448
1442 3.263041
1443 1.989765
1444 2.101781
1445 2.047583
1446 3.568215
1447 2.594073
1448 2.248069
1449 3.606472
1450 2.002253
1451 3.439419
1452 3.573801
1453 1.891642
1454 1.387280
1455 1.733579
1456 2.206495
1457 2.238381
1458 3.871871
1459 2.925075
1460 1.534376
1461 1.948085
1462 1.676889
1463 2.402480
1464 3.115029
1465 2.645706
1466 4.240856
1467 0.986452
1468 2.623078
1469 1.770793
1470 4.012790
1471 2.997745
1472 3.236099
1473 1.071047
1474 1.619206
1475 3.834799
1476 3.123774
1477 2.504966
1478 1.386314
1479 2.470501
1480 3.566822
1481 1.100595
1482 5.292859
1483 0.993624
1484 3.186261
1485 5.094468
1486 1.444361
1487 4.300534
1488 2.238347
1489 3.937996
1490 3.074144
1491 2.489745
1492 1.638769
1493 3.241785
1494 2.163305
1495 2.139096
1496 3.990859
1497 4.479251
1498 3.017636
1499 3.122579
1500 2.970133
1501 2.086798
1502 4.530390
1503 3.669075
1504 2.778781
1505 2.761239
1506 3.524271
1507 2.972298
1508 2.987692
1509 4.690841
1510 2.679065
1511 1.306230
1512 3.769921
1513 3.967407
1514 3.065270
1515 2.755957
1516 3.265553
1517 3.596241
1518 2.332834
1519 3.232018
1520 0.967187
1521 4.014473
1522 2.440748
1523 2.413208
1524 4.209470
1525 4.229742
1526 2.180880
1527 1.654073
1528 2.801091
1529 4.124788
1530 1.856614
1531 1.433634
1532 1.596917
1533 2.959720
1534 1.693755
1535 2.413503
1536 3.691478
1537 2.767864
1538 2.085995
1539 3.464740
1540 2.489225
1541 2.505148
1542 2.584667
1543 4.450180
1544 2.641481
1545 3.584929
1546 3.301210
1547 1.328054
1548 0.699450
1549 3.925700
1550 2.763248
1551 1.542488
1552 2.192336
1553 2.353278
1554 4.002684
1555 2.442242
1556 3.207334
1557 3.707342
1558 4.209139
1559 2.893645
1560 1.621910
1561 1.757470
1562 4.836061
1563 2.012890
1564 4.371649
1565 2.721964
1566 2.183652
1567 2.388937
1568 3.302833
1569 2.067389
1570 1.383496
1571 3.333888
1572 2.930327
1573 4.333658
1574 1.669679
1575 3.199323
1576 4.217367
1577 1.527538
1578 3.056702
1579 3.172284
1580 5.052323
1581 2.042126
1582 2.644392
1583 1.943276
1584 1.974581
1585 4.394621
1586 1.826902
1587 2.923087
1588 3.974595
1589 1.616110
1590 2.912220
1591 1.454662
1592 2.272385
1593 2.128765
1594 0.904176
1595 3.453274
1596 1.614519
1597 1.528921
1598 2.940027
1599 1.580696
1600 2.794969
1601 4.206621
1602 1.347508
1603 1.668974
1604 2.671953
1605 1.938718
1606 3.356242
1607 1.817773
1608 2.443769
1609 2.784087
1610 3.128403
1611 2.264887
1612 2.462249
1613 2.891330
1614 1.791584
1615 2.090807
1616 1.363237
1617 2.839750
1618 2.089640
1619 1.825248
1620 2.107598
1621 3.614223
1622 1.371795
1623 2.082281
1624 1.590009
1625 4.125324
1626 2.324589
1627 1.387313
1628 2.941732
1629 3.448075
1630 1.930286
1631 1.650070
1632 3.476343
1633 4.186281
1634 0.963119
1635 2.804783
1636 2.233008
1637 3.160175
1638 4.162305
1639 3.684230
1640 2.060183
1641 4.141310
1642 4.354009
1643 1.918294
1644 3.131942
1645 3.448501
1646 3.614894
1647 4.017744
1648 2.572203
1649 3.973451
1650 3.322195
1651 2.154998
1652 4.499435
1653 2.106591
1654 2.840256
1655 3.392538
1656 2.975029
1657 3.380381
1658 3.442207
1659 4.141347
1660 1.142337
1661 3.146825
1662 1.302012
1663 3.518747
1664 1.987639
1665 3.780443
1666 3.771892
1667 2.324799
1668 2.126594
1669 2.400199
1670 1.462299
1671 3.332508
1672 0.635498
1673 2.335242
1674 1.978849
1675 3.204087
1676 1.761917
1677 3.441580
1678 3.838997
1679 4.161595
1680 2.052182
1681 3.614599
1682 2.241750
1683 1.906899
1684 2.713758
1685 2.649724
1686 3.938736
1687 1.495916
1688 2.163725
1689 2.079410
1690 2.415147
1691 2.580663
1692 1.663433
1693 3.146695
1694 1.670959
1695 0.867955
1696 3.689809
1697 3.194445
1698 3.614161
1699 2.829279
1700 1.555290
1701 3.286698
1702 2.139489
1703 3.323864
1704 1.485615
1705 2.299341
1706 2.440798
1707 2.937827
1708 1.655939
1709 3.297843
1710 2.839378
1711 3.956667
1712 1.636016
1713 3.599140
1714 3.025229
1715 2.643459
1716 1.841644
1717 2.080202
1718 0.997932
1719 1.992456
1720 1.202939
1721 3.639619
1722 3.536020
1723 2.629715
1724 3.180700
1725 2.512458
1726 3.757556
1727 4.059643
1728 1.691820
1729 3.406392
1730 2.742337
1731 4.036938
1732 5.553317
1733 1.525282
1734 1.677074
1735 4.136197
1736 1.317807
1737 4.227427
1738 4.646981
1739 2.936748
1740 2.902498
1741 5.120581
1742 3.533388
1743 1.321079
1744 1.122824
1745 3.644981
1746 2.170861
1747 1.761723
1748 2.394488
1749 1.167933
1750 2.025904
1751 3.950643
1752 4.349738
1753 1.851194
1754 3.089834
1755 2.115880
1756 4.690290
1757 1.971948
1758 2.952917
1759 2.180160
1760 3.233584
1761 3.001391
1762 3.146590
1763 1.696059
1764 1.429199
1765 1.895624
1766 4.258104
1767 2.649517
1768 2.299164
1769 1.545902
1770 2.874497
1771 3.407053
1772 2.485751
1773 2.738547
1774 2.429775
1775 3.078825
1776 2.707339
1777 2.759978
1778 3.023930
1779 2.246428
1780 2.843735
1781 1.521945
1782 1.779839
1783 2.571830
1784 1.502114
1785 2.923629
1786 1.098374
1787 3.888420
1788 1.669070
1789 2.492697
1790 0.694695
1791 3.393767
1792 2.451059
1793 1.277983
1794 1.868588
1795 3.351485
1796 1.157620
1797 2.064842
1798 2.577472
1799 1.177974
1800 1.451890
1801 4.041559
1802 2.635657
1803 2.600588
1804 2.403385
1805 1.665366
1806 3.823732
1807 3.256290
1808 2.890821
1809 1.813602
1810 2.882314
1811 3.006574
1812 0.934867
1813 2.781260
1814 3.542320
1815 2.320876
1816 3.631180
1817 2.238845
1818 2.623820
1819 0.985388
1820 2.512212
1821 2.530149
1822 2.804387
1823 4.396139
1824 2.311612
1825 2.554447
1826 2.500118
1827 3.162775
1828 3.801988
1829 1.446276
1830 2.737142
1831 2.697221
1832 1.294050
1833 2.886068
1834 3.451766
1835 4.266364
1836 1.675890
1837 1.180809
1838 2.176354
1839 3.474775
1840 3.229372
1841 3.329009
1842 2.404055
1843 2.337634
1844 3.227841
1845 2.541225
1846 2.036062
1847 1.611911
1848 3.329372
1849 5.357799
1850 2.318027
1851 3.757384
1852 4.385238
1853 1.374808
1854 1.698942
1855 3.132422
1856 2.972978
1857 2.596406
1858 1.583666
1859 3.061128
1860 2.616155
1861 2.518257
1862 2.496510
1863 2.749946
1864 4.127504
1865 3.021535
1866 1.286012
1867 2.877076
1868 2.280703
1869 3.262009
1870 4.261751
1871 2.919492
1872 2.162448
1873 4.693483
1874 1.154931
1875 3.313104
1876 2.201643
1877 2.392041
1878 1.370742
1879 2.368526
1880 3.947222
1881 4.513055
1882 4.377986
1883 3.358664
1884 2.764726
1885 1.697399
1886 0.786381
1887 2.631101
1888 1.411973
1889 3.074227
1890 2.977151
1891 2.131910
1892 1.838358
1893 4.058022
1894 1.808898
1895 3.700823
1896 1.431169
1897 1.742051
1898 3.378540
1899 3.126064
1900 1.853612
1901 2.302159
1902 1.927817
1903 4.451388
1904 2.514282
1905 1.654351
1906 2.467694
1907 1.258505
1908 2.479135
1909 0.661170
1910 4.515678
1911 2.382743
1912 0.866425
1913 1.771348
1914 1.843407
1915 2.455571
1916 2.627110
1917 4.006471
1918 2.153740
1919 2.171999
1920 1.425679
1921 4.848563
1922 3.143934
1923 1.636307
1924 3.697094
1925 2.342387
1926 2.791033
1927 2.931183
1928 3.454753
1929 3.359382
1930 1.733589
1931 1.943796
1932 1.653576
1933 2.698188
1934 2.508711
1935 2.229181
1936 1.745448
1937 1.276699
1938 3.474346
1939 1.345945
1940 2.692369
1941 2.426087
1942 3.995482
1943 2.342058
1944 2.048925
1945 1.413145
1946 2.251890
1947 1.833522
1948 1.438775
1949 2.647426
1950 1.666525
1951 1.384056
1952 5.051402
1953 3.445521
1954 1.972736
1955 1.970251
1956 1.562652
1957 3.958235
1958 2.014972
1959 2.270533
1960 2.383479
1961 3.467114
1962 1.812367
1963 3.292042
1964 2.279950
1965 3.594862
1966 4.809342
1967 3.279440
1968 3.197951
1969 1.332732
1970 2.392165
1971 1.767380
1972 1.801469
1973 1.094507
1974 3.442407
1975 1.676380
1976 3.508499
1977 1.612967
1978 3.029879
1979 1.196261
1980 5.247650
1981 1.156096
1982 2.774444
1983 1.566767
1984 1.336359
1985 3.005620
1986 1.365250
1987 2.402352
1988 2.782891
1989 2.947408
1990 0.585281
1991 1.858606
1992 2.861665
1993 2.441722
1994 1.281617
1995 2.663940
1996 2.689657
1997 3.708101
1998 1.954265
1999 2.424029
2000 2.085197
2001 2.887831
2002 3.011632
2003 1.972490
2004 1.973144
2005 2.565105
2006 2.297034
2007 2.279830
2008 1.385790
2009 3.923644
2010 2.609873
2011 2.744488
2012 2.686305
2013 3.004297
2014 2.943611
2015 2.420960
2016 1.592877
2017 2.287874
2018 3.084699
2019 1.484938
2020 3.077300
2021 2.826514
2022 1.745264
2023 2.123655
2024 4.027648
2025 1.048259
2026 2.494731
2027 1.709355
2028 2.708794
2029 1.917215
2030 1.174004
2031 2.739423
2032 1.632537
2033 2.498861
2034 2.060400
2035 1.561489
2036 1.038260
2037 2.099585
2038 3.369121
2039 1.191640
2040 2.526306
2041 0.661594
2042 1.827906
2043 1.857854
2044 3.102321
2045 0.902453
2046 1.650745
2047 3.826636
2048 3.180794
2049 2.714967
2050 2.107786
2051 2.299454
2052 3.189801
2053 3.524045
2054 4.606695
2055 2.823559
2056 1.906174
2057 2.808170
2058 1.713156
2059 3.209587
2060 3.421667
2061 3.274774
2062 1.219342
2063 1.531965
2064 1.023707
2065 3.567403
2066 1.531307
2067 3.406102
2068 2.144795
2069 4.171164
2070 3.437277
2071 3.635279
2072 2.711120
2073 2.956860
2074 0.531240
2075 1.807069
2076 1.775320
2077 3.145425
2078 2.526745
2079 2.230945
2080 1.562724
2081 1.483486
2082 2.085307
2083 4.618820
2084 2.296541
2085 2.783241
2086 3.649254
2087 2.429222
2088 1.710068
2089 1.204323
2090 1.346315
2091 3.697026
2092 1.070750
2093 1.504742
2094 2.249777
2095 2.497478
2096 3.067938
2097 2.194739
2098 2.879669
2099 3.855100
2100 4.448636
2101 2.418441
2102 3.296015
2103 1.797607
2104 4.462473
2105 2.434759
2106 3.723643
2107 3.038715
2108 3.412652
2109 1.399176
2110 0.912323
2111 4.571845
2112 2.394334
2113 2.517472
2114 3.398691
2115 1.696224
2116 1.818831
2117 2.721788
2118 1.646886
2119 1.239608
2120 2.394411
2121 1.931703
2122 2.678464
2123 2.933165
2124 3.730663
2125 1.945022
2126 1.016161
2127 2.276824
2128 2.618238
2129 2.412361
2130 3.386042
2131 3.055619
2132 3.328135
2133 2.751776
2134 3.172382
2135 1.710012
2136 0.605830
2137 1.603215
2138 2.770160
2139 1.101539
2140 1.641721
2141 3.585043
2142 3.686153
2143 1.049038
2144 2.240198
2145 1.799195
2146 2.722471
2147 2.434905
2148 4.530639
2149 3.244189
2150 4.119766
2151 2.668767
2152 2.546508
2153 3.164053
2154 3.848022
2155 1.602725
2156 2.750002
2157 4.624332
2158 1.894527
2159 2.672905
2160 2.218580
2161 2.487294
2162 2.809273
2163 1.415454
2164 0.797343
2165 2.768086
2166 1.645338
2167 2.879804
2168 1.107488
2169 3.005119
2170 1.969317
2171 1.507583
2172 2.903310
2173 3.062626
2174 3.056879
2175 1.095932
2176 2.280394
2177 3.268943
2178 2.567648
2179 1.648209
2180 0.801067
2181 2.750224
2182 2.366837
2183 1.580529
2184 2.206285
2185 2.670872
2186 4.055762
2187 1.699754
2188 2.425297
2189 2.747199
2190 1.370662
2191 1.417835
2192 2.676894
2193 1.207117
2194 0.862003
2195 1.918441
2196 2.401099
2197 1.987906
2198 1.963476
2199 2.974474
2200 2.855891
2201 2.197100
2202 0.705480
2203 2.285695
2204 1.681856
2205 1.624061
2206 2.012671
2207 2.804095
2208 1.566634
2209 1.829103
2210 2.922106
2211 1.099974
2212 2.639348
2213 1.322194
2214 2.652559
2215 1.702395
2216 1.333732
2217 2.146630
2218 3.275912
2219 1.260028
2220 2.394344
2221 1.413594
2222 1.621954
2223 0.859692
2224 0.771360
2225 1.528233
2226 0.747816
2227 0.803963
2228 1.811865
2229 3.022413
2230 0.886418
2231 3.251143
2232 0.710538
2233 1.185617
2234 3.294532
2235 0.669562
2236 3.811594
2237 3.485541
2238 1.074834
2239 2.110074
2240 1.991938
2241 1.906613
2242 1.797084
2243 4.636327
2244 1.001451
2245 2.128767
2246 1.048710
2247 1.574046
2248 1.504267
2249 1.383804
2250 1.014456
2251 0.352006
2252 2.441444
2253 2.860229
2254 2.553140
2255 2.084370
2256 1.173948
2257 1.908426
2258 1.962672
2259 2.691764
2260 1.305144
2261 2.607471
2262 1.496968
2263 2.262680
2264 3.300879
2265 1.460440
2266 2.708283
2267 3.683499
2268 1.920861
2269 2.670100
2270 0.813261
2271 3.753916
2272 0.656018
2273 1.085411
2274 1.728828
2275 3.203886
2276 1.767929
2277 2.934525
2278 2.783458
2279 3.917593
2280 3.487517
2281 2.444505
2282 1.676112
2283 0.987158
2284 3.508182
2285 1.143360
2286 2.540242
2287 2.329960
2288 0.887745
2289 2.342794
2290 1.749967
2291 2.917186
2292 1.044731
2293 3.874532
2294 1.756710
2295 3.155931
2296 2.345000
2297 3.986707
2298 1.160023
2299 3.553744
2300 2.852684
2301 2.811026
2302 1.469811
2303 1.281380
2304 2.498689
2305 1.562556
2306 1.860719
2307 0.755576
2308 2.763280
2309 2.829728
2310 3.784861
2311 3.278417
2312 4.984525
2313 1.307302
2314 2.073328
2315 1.385933
2316 1.656699
2317 1.978775
2318 0.584002
2319 3.442024
2320 2.873777
2321 1.686951
2322 2.848886
2323 0.387435
2324 2.188862
2325 1.401018
2326 1.596639
2327 2.175869
2328 2.432022
2329 3.184462
2330 1.539836
2331 1.863956
2332 1.314669
2333 2.467198
2334 3.233739
2335 1.270987
2336 2.012328
2337 2.157096
2338 2.666408
2339 2.251001
2340 3.207890
2341 2.660475
2342 1.482448
2343 2.492183
2344 1.933698
2345 1.172949
2346 1.762677
2347 0.582162
2348 2.808328
2349 2.352786
2350 1.356706
2351 2.024677
2352 0.974256
2353 1.456025
2354 1.774280
2355 3.724783
2356 1.270262
2357 2.390856
2358 2.771296
2359 1.405877
2360 0.803176
2361 2.859171
2362 1.267490
2363 2.241077
2364 1.806164
2365 0.723887
2366 1.615209
2367 0.877377
2368 3.175845
2369 1.627453
2370 3.352135
2371 3.077449
2372 3.336390
2373 2.920370
2374 1.682846
2375 0.857828
2376 1.828407
2377 4.008704
2378 2.724568
2379 1.868105
2380 1.157731
2381 3.263233
2382 1.693509
2383 1.442136
2384 3.074122
2385 3.171727
2386 3.432314
2387 1.597484
2388 2.483030
2389 1.078171
2390 2.164145
2391 3.361758
2392 2.608180
2393 3.151824
2394 2.141015
2395 2.494178
2396 3.045696
2397 4.832224
2398 1.545282
2399 0.896275
2400 3.792700
2401 4.109595
2402 1.867464
2403 1.658434
2404 1.509993
2405 1.802356
2406 1.384605
2407 3.204144
2408 2.804710
2409 1.646107
2410 2.870345
2411 3.161404
2412 1.884806
2413 2.314378
2414 1.856401
2415 2.052942
2416 2.886136
2417 2.003932
2418 1.451789
2419 2.720002
2420 1.417495
2421 1.439831
2422 2.157260
2423 1.899551
2424 3.475430
2425 1.545246
2426 1.838810
2427 3.914818
2428 3.011084
2429 1.673496
2430 1.621808
2431 2.261730
2432 1.868197
2433 3.149274
2434 1.890709
2435 3.454604
2436 2.036126
2437 1.029600
2438 1.745465
2439 1.185006
2440 2.171755
2441 1.049835
2442 2.755330
2443 3.880348
2444 1.536331
2445 1.937140
2446 1.529985
2447 3.362329
2448 1.278916
2449 2.374421
2450 3.525347
2451 4.643471
2452 1.235982
2453 2.967630
2454 2.014522
2455 1.142624
2456 2.118337
2457 1.490022
2458 2.825252
2459 1.178530
2460 1.933684
2461 2.587712
2462 2.101483
2463 1.120598
2464 2.414901
2465 1.523666
2466 2.241032
2467 1.845966
2468 4.508419
2469 0.993961
2470 2.867334
2471 3.691648
2472 6.076311
2473 2.530313
2474 1.257611
2475 3.546592
2476 1.892448
2477 2.807949
2478 2.898656
2479 2.900905
2480 2.367138
2481 2.513820
2482 1.831548
2483 2.251450
2484 2.967374
2485 3.640872
2486 1.290676
2487 1.667709
2488 2.409983
2489 1.220935
2490 3.110586
2491 1.026215
2492 2.914235
2493 1.974336
2494 2.617271
2495 3.494811
2496 2.806281
2497 0.837544
2498 3.191680
2499 1.142161
2500 3.245099
2501 1.578435
2502 2.943535
2503 1.163416
2504 2.182912
2505 2.580391
2506 2.239143
2507 3.357116
2508 1.539378
2509 2.404346
2510 2.850845
2511 2.494135
2512 3.237894
2513 1.148919
2514 2.615040
2515 1.474380
2516 1.804203
2517 1.203103
2518 2.112540
2519 1.794910
2520 2.158575
2521 2.957651
2522 3.070856
2523 2.127061
2524 3.356668
2525 1.799427
2526 2.861203
2527 1.187886
2528 1.283526
2529 2.074690
2530 3.699644
2531 2.375003
2532 0.981279
2533 2.412029
2534 1.389176
2535 1.347363
2536 4.923490
2537 1.862496
2538 2.366624
2539 2.594064
2540 3.229586
2541 5.134481
2542 2.642504
2543 2.536961
2544 2.889441
2545 1.698839
2546 4.387557
2547 1.186876
2548 2.764484
2549 1.756915
2550 2.808149
2551 1.994996
2552 2.491470
2553 1.556569
2554 2.573613
2555 1.166207
2556 0.974417
2557 2.686607
2558 1.329054
2559 2.351815
2560 2.139551
2561 4.056359
2562 0.685101
2563 1.152183
2564 1.128665
2565 2.267687
2566 4.210280
2567 2.890605
2568 2.030176
2569 2.433249
2570 1.193792
2571 2.164980
2572 4.044821
2573 1.798680
2574 1.878403
2575 1.079658
2576 3.642206
2577 1.097340
2578 1.367108
2579 4.174571
2580 2.350938
2581 1.112343
2582 1.908767
2583 3.146676
2584 1.731514
2585 2.847426
2586 2.947381
2587 2.067480
2588 3.050005
2589 2.894328
2590 4.906599
2591 0.729951
2592 1.461539
2593 2.428559
2594 4.920906
2595 1.573496
2596 2.313511
2597 1.132681
2598 2.945171
2599 3.717855
2600 1.466153
2601 1.720527
2602 2.529158
2603 4.807640
2604 2.264453
2605 1.868735
2606 3.418534
2607 2.337578
2608 3.668391
2609 0.756721
2610 1.004959
2611 2.414488
2612 3.530828
2613 1.253889
2614 1.720613
2615 0.473763
2616 0.968853
2617 1.961760
2618 1.839016
2619 3.209766
2620 1.640068
2621 3.330245
2622 2.351948
2623 0.976287
2624 1.246298
2625 1.544877
2626 2.694619
2627 2.744611
2628 2.355871
2629 1.117484
2630 2.531312
2631 3.035619
2632 0.603907
2633 3.817036
2634 1.010673
2635 1.999604
2636 1.589699
2637 0.908066
2638 1.418954
2639 1.670048
2640 1.517150
2641 1.168257
2642 1.195552
2643 3.375550
2644 1.858760
2645 1.610041
2646 2.713727
2647 2.235952
2648 1.688115
2649 2.069444
2650 0.964616
2651 1.979179
2652 3.086337
2653 2.969657
2654 2.166865
2655 2.923829
2656 2.047200
2657 3.329179
2658 1.304379
2659 1.953437
2660 1.363848
2661 2.856013
2662 4.395438
2663 3.626174
2664 2.605946
2665 2.116852
2666 1.180463
2667 1.223394
2668 2.004685
2669 1.465994
2670 0.938903
2671 2.357043
2672 1.683378
2673 3.402505
2674 0.841626
2675 4.124612
2676 3.352731
2677 2.764141
2678 2.624277
2679 1.244415
2680 1.897365
2681 1.211077
2682 1.731539
2683 2.408463
2684 3.565695
2685 0.468431
2686 0.515971
2687 1.439511
2688 1.229569
2689 1.630792
2690 2.135271
2691 2.027171
2692 1.442608
2693 1.021839
2694 5.084113
2695 1.108648
2696 2.420852
2697 1.740998
2698 2.487211
2699 3.182717
2700 2.840763
2701 1.310676
2702 2.884537
2703 2.089117
2704 1.318497
2705 1.811200
2706 1.288602
2707 2.046727
2708 4.090607
2709 2.285366
2710 0.568854
2711 2.758138
2712 3.392604
2713 3.333216
2714 0.647759
2715 2.036123
2716 1.489867
2717 3.538184
2718 2.393936
2719 0.671616
2720 2.292205
2721 1.675305
2722 3.656578
2723 1.199347
2724 1.602123
2725 1.229782
2726 1.731956
2727 0.584483
2728 2.795167
2729 0.955174
2730 1.722241
2731 1.703773
2732 2.201862
2733 1.501477
2734 1.994536
2735 1.208107
2736 2.084481
2737 1.282327
2738 1.081965
2739 2.346197
2740 2.232198
2741 0.897066
2742 0.777255
2743 3.881230
2744 2.568431
2745 1.151774
2746 2.070045
2747 3.277357
2748 2.293920
2749 3.059665
2750 3.168263
2751 2.377791
2752 1.685167
2753 1.285215
2754 2.211208
2755 1.993690
2756 1.269057
2757 0.953248
2758 1.729709
2759 2.498022
2760 1.478505
2761 5.906075
2762 2.691980
2763 1.565517
2764 2.180486
2765 0.952827
2766 3.678183
2767 1.940867
2768 2.058012
2769 2.619492
2770 1.072299
2771 3.530578
2772 1.186605
2773 2.943299
2774 4.296597
2775 2.865460
2776 4.205441
2777 1.751476
2778 3.435577
2779 3.107728
2780 1.689802
2781 1.209889
2782 0.981222
2783 1.164018
2784 1.972342
2785 3.055273
2786 1.608352
2787 2.832262
2788 1.902951
2789 0.574309
2790 2.501057
2791 2.757188
2792 3.897439
2793 2.415332
2794 2.009109
2795 1.701989
2796 0.965222
2797 1.432841
2798 2.380465
2799 2.877462
2800 1.578553
2801 1.324677
2802 1.783864
2803 2.096750
2804 2.562272
2805 1.619923
2806 1.934486
2807 1.557954
2808 2.027541
2809 1.913819
2810 2.678014
2811 2.752892
2812 0.965483
2813 1.361472
2814 3.416977
2815 2.782671
2816 1.495302
2817 1.219613
2818 0.973252
2819 1.229972
2820 1.830795
2821 2.268518
2822 0.678376
2823 1.565673
2824 2.256805
2825 2.317332
2826 0.390755
2827 1.101710
2828 2.248806
2829 2.829098
2830 1.159160
2831 1.645876
2832 2.274865
2833 0.526535
2834 2.376844
2835 2.312226
2836 2.183010
2837 1.431218
2838 3.314783
2839 1.452079
2840 1.556089
2841 2.390184
2842 3.054311
2843 3.526828
2844 2.975563
2845 4.181435
2846 2.330625
2847 3.573666
2848 0.977357
2849 3.245607
2850 4.504522
2851 2.482869
2852 1.164255
2853 3.034483
2854 0.717757
2855 0.858373
2856 2.306491
2857 0.832706
2858 4.548083
2859 2.033188
2860 1.182571
2861 1.725423
2862 1.165700
2863 2.113883
2864 2.292312
2865 2.135054
2866 1.786622
2867 3.893146
2868 1.620136
2869 1.444702
2870 0.886311
2871 2.456022
2872 1.619762
2873 2.529891
2874 1.845382
2875 3.141313
2876 1.647107
2877 2.880481
2878 2.745822
2879 1.344339
2880 1.930567
2881 2.197301
2882 3.203591
2883 1.572557
2884 2.557281
2885 4.118109
2886 1.204343
2887 2.511666
2888 4.514160
2889 3.697467
2890 3.558171
2891 1.965479
2892 1.371925
2893 1.319234
2894 4.500085
2895 1.894759
2896 1.179622
2897 1.868011
2898 2.368754
2899 3.287569
2900 1.588720
2901 2.288290
2902 3.915677
2903 1.219448
2904 1.221884
2905 1.483045
2906 2.871064
2907 2.741046
2908 0.915064
2909 0.648433
2910 2.670242
2911 1.260469
2912 2.159113
2913 2.626877
2914 3.044389
2915 3.688562
2916 0.781219
2917 1.997274
2918 1.214113
2919 1.212552
2920 1.429120
2921 2.130668
2922 2.765830
2923 2.292278
2924 1.457532
2925 2.416278
2926 1.746955
2927 0.512065
2928 2.233112
2929 1.802313
2930 1.705399
2931 2.650371
2932 1.891207
2933 1.206582
2934 2.431403
2935 3.538722
2936 0.646841
2937 2.909574
2938 3.475344
2939 1.393080
2940 3.464035
2941 2.790868
2942 2.913475
2943 2.115438
2944 0.977740
2945 5.035780
2946 1.365916
2947 1.944772
2948 1.596847
2949 3.846114
2950 1.662302
2951 1.522182
2952 1.747693
2953 0.514528
2954 1.326462
2955 2.534342
2956 2.312777
2957 1.514825
2958 2.367039
2959 1.839874
2960 1.123517
2961 2.386977
2962 2.083510
2963 1.525629
2964 2.154435
2965 2.733064
2966 1.725508
2967 4.826866
2968 1.189540
2969 2.166468
2970 1.546505
2971 2.075853
2972 1.952406
2973 0.815639
2974 1.876801
2975 2.025331
2976 0.829495
2977 1.991070
2978 1.904687
2979 2.741908
2980 1.211223
2981 2.698535
2982 2.280452
2983 1.833189
2984 2.501722
2985 4.934681
2986 1.988833
2987 2.693722
2988 0.398198
2989 3.428548
2990 3.394518
2991 1.399105
2992 1.261423
2993 2.773139
2994 1.161012
2995 1.827404
2996 1.043979
2997 2.297625
2998 1.076248
2999 3.284820
