100 0.275900
200 0.416900
300 0.543400
400 0.625400
500 0.723200
600 0.762200
700 0.776200
800 0.789400
900 0.800300
1000 0.810400
1100 0.827600
1200 0.831000
1300 0.834900
1400 0.850800
1500 0.854200
1600 0.859900
1700 0.865600
1800 0.871400
1900 0.867000
2000 0.868700
2100 0.868200
2200 0.869000
2300 0.879300
2400 0.883100
2500 0.880900
2600 0.883200
2700 0.885500
2800 0.889700
2900 0.890900
3000 0.892200
3100 0.893000
3200 0.893500
3300 0.896800
3400 0.897700
3500 0.898700
3600 0.897200
3700 0.898500
3800 0.893700
3900 0.894900
4000 0.901100
4100 0.898500
4200 0.901400
4300 0.900400
4400 0.904400
4500 0.903800
4600 0.905600
4700 0.907100
4800 0.907300
4900 0.906500
5000 0.904500
5100 0.907300
5200 0.902600
5300 0.907500
5400 0.909100
5500 0.906700
5600 0.906400
5700 0.909200
5800 0.907000
5900 0.907700
6000 0.909000
6100 0.905200
6200 0.902800
6300 0.909200
6400 0.910300
6500 0.911600
6600 0.910300
6700 0.913500
6800 0.914400
6900 0.911300
7000 0.912800
7100 0.914400
7200 0.909200
7300 0.912300
7400 0.917200
7500 0.916700
7600 0.916400
7700 0.915300
7800 0.918200
7900 0.918400
8000 0.919000
8100 0.919300
8200 0.915700
8300 0.918100
8400 0.920400
8500 0.919200
8600 0.919900
8700 0.916700
8800 0.920300
8900 0.919300
9000 0.920800
9100 0.920700
9200 0.920700
9300 0.920700
9400 0.920400
9500 0.921900
9600 0.920700
9700 0.921200
9800 0.921300
9900 0.924200
10000 0.920400
10100 0.919900
10200 0.922800
10300 0.922100
10400 0.924400
10500 0.919900
10600 0.923000
10700 0.923000
10800 0.923700
10900 0.926000
11000 0.924300
11100 0.924700
11200 0.923300
11300 0.921500
11400 0.924100
11500 0.926100
11600 0.924900
11700 0.925400
11800 0.925300
11900 0.927400
12000 0.926400
12100 0.927000
12200 0.927000
12300 0.926300
12400 0.924400
12500 0.926800
12600 0.921900
12700 0.927000
12800 0.923400
12900 0.927700
13000 0.927800
13100 0.925100
13200 0.926400
13300 0.927100
13400 0.925100
13500 0.920400
13600 0.926900
13700 0.926000
13800 0.926500
13900 0.925100
14000 0.926700
14100 0.929400
14200 0.928900
14300 0.928000
14400 0.927200
14500 0.927000
14600 0.923000
14700 0.929500
14800 0.929800
14900 0.927000
15000 0.926800
15100 0.926900
15200 0.928000
15300 0.928200
15400 0.929500
15500 0.929600
15600 0.929000
15700 0.927500
15800 0.929900
15900 0.924800
16000 0.930500
16100 0.930800
16200 0.928500
16300 0.929200
16400 0.928300
16500 0.931200
16600 0.927500
16700 0.927500
16800 0.932600
16900 0.932500
17000 0.931800
17100 0.933900
17200 0.929500
17300 0.934600
17400 0.933500
17500 0.929200
17600 0.933500
17700 0.931700
17800 0.929700
17900 0.932600
18000 0.932200
18100 0.931300
18200 0.934000
18300 0.933100
18400 0.934400
18500 0.934800
18600 0.934800
18700 0.933100
18800 0.934800
18900 0.931700
19000 0.933400
19100 0.932600
19200 0.932900
19300 0.931300
19400 0.935000
19500 0.932900
19600 0.933200
19700 0.933700
19800 0.932600
19900 0.933700
20000 0.934500
20100 0.934300
20200 0.935800
20300 0.935700
20400 0.936300
20500 0.932600
20600 0.931700
20700 0.936100
20800 0.933700
20900 0.933100
21000 0.936200
21100 0.936300
21200 0.938000
21300 0.938400
21400 0.934500
21500 0.935200
21600 0.936100
21700 0.933000
21800 0.934900
21900 0.936300
22000 0.935400
22100 0.935500
22200 0.935300
22300 0.936400
22400 0.937000
22500 0.937000
22600 0.935100
22700 0.936900
22800 0.936800
22900 0.934400
23000 0.934300
23100 0.935700
23200 0.936300
23300 0.937600
23400 0.936400
23500 0.937200
23600 0.936700
23700 0.934900
23800 0.940000
23900 0.939200
24000 0.936800
24100 0.937200
24200 0.938500
24300 0.936300
24400 0.938000
24500 0.937000
24600 0.937100
24700 0.937800
24800 0.937200
24900 0.939100
25000 0.938700
25100 0.936800
25200 0.938700
25300 0.939800
25400 0.937000
25500 0.935900
25600 0.936200
25700 0.934600
25800 0.936500
25900 0.939000
26000 0.937000
26100 0.941200
26200 0.937900
26300 0.940500
26400 0.937500
26500 0.939000
26600 0.938800
26700 0.936800
26800 0.938700
26900 0.939100
27000 0.939500
27100 0.939300
27200 0.936000
27300 0.938400
27400 0.935900
27500 0.939300
27600 0.936900
27700 0.937700
27800 0.937500
27900 0.936200
28000 0.937200
28100 0.938700
28200 0.935500
28300 0.937500
28400 0.936800
28500 0.935600
28600 0.937500
28700 0.938500
28800 0.938000
28900 0.939600
29000 0.936600
29100 0.938300
29200 0.939800
29300 0.941200
29400 0.938100
29500 0.940100
29600 0.937900
29700 0.939500
29800 0.940700
29900 0.940400
30000 0.940400
30100 0.939200
30200 0.940400
30300 0.941100
30400 0.941700
30500 0.939600
30600 0.941000
30700 0.941400
30800 0.940700
30900 0.941400
31000 0.940400
31100 0.940400
31200 0.940400
31300 0.942500
31400 0.941200
31500 0.939000
31600 0.941200
31700 0.939000
31800 0.942600
31900 0.942600
32000 0.941900
32100 0.941900
32200 0.942600
32300 0.941300
32400 0.942000
32500 0.940700
32600 0.941400
32700 0.941100
32800 0.942700
32900 0.943300
33000 0.943100
33100 0.942400
33200 0.942100
33300 0.941200
33400 0.941100
33500 0.943000
33600 0.941400
33700 0.943800
33800 0.944900
33900 0.943300
34000 0.943000
34100 0.943000
34200 0.942500
34300 0.941000
34400 0.943600
34500 0.942400
34600 0.942500
34700 0.944200
34800 0.942700
34900 0.942900
35000 0.943300
35100 0.943000
35200 0.941700
35300 0.941200
35400 0.943600
35500 0.941400
35600 0.943300
35700 0.943700
35800 0.944000
35900 0.944000
36000 0.943200
36100 0.943400
36200 0.945700
36300 0.944300
36400 0.942100
36500 0.941900
36600 0.945400
36700 0.944800
36800 0.941800
36900 0.942700
37000 0.944000
37100 0.942200
37200 0.942300
37300 0.943800
37400 0.943100
37500 0.944000
37600 0.943700
37700 0.942600
37800 0.942300
37900 0.943400
38000 0.944700
38100 0.941700
38200 0.944000
38300 0.943500
38400 0.944100
38500 0.941500
38600 0.943900
38700 0.943200
38800 0.942600
38900 0.942100
39000 0.944000
39100 0.942300
39200 0.944400
39300 0.944900
39400 0.942900
39500 0.943800
39600 0.942400
39700 0.944500
39800 0.942700
39900 0.944100
40000 0.942400
40100 0.943300
40200 0.944200
40300 0.943500
40400 0.944600
40500 0.942100
40600 0.945000
40700 0.943200
40800 0.943300
40900 0.944200
41000 0.945800
41100 0.945800
41200 0.945100
41300 0.945500
41400 0.944400
41500 0.945900
41600 0.943900
41700 0.944800
41800 0.943900
41900 0.944100
42000 0.944100
42100 0.942100
42200 0.944300
42300 0.945000
42400 0.944600
42500 0.946300
42600 0.945100
42700 0.944000
42800 0.943200
42900 0.943400
43000 0.943000
43100 0.943400
43200 0.945700
43300 0.945800
43400 0.945300
43500 0.944700
43600 0.944800
43700 0.946000
43800 0.945700
43900 0.946000
44000 0.945600
44100 0.945000
44200 0.945800
44300 0.945800
44400 0.943900
44500 0.945500
44600 0.945100
44700 0.944300
44800 0.945600
44900 0.945300
45000 0.945100
45100 0.946700
45200 0.946700
45300 0.946600
45400 0.946000
45500 0.947900
45600 0.947000
45700 0.946800
45800 0.945900
45900 0.946100
46000 0.945600
46100 0.946100
46200 0.945900
46300 0.947500
46400 0.946100
46500 0.947900
46600 0.946000
46700 0.944100
46800 0.946600
46900 0.947600
47000 0.945800
47100 0.948500
47200 0.946400
47300 0.948400
47400 0.947600
47500 0.947800
47600 0.947400
47700 0.946200
47800 0.947700
47900 0.946800
48000 0.947100
48100 0.945300
48200 0.947300
48300 0.947400
48400 0.945200
48500 0.945400
48600 0.945800
48700 0.946700
48800 0.948400
48900 0.948000
49000 0.946300
49100 0.948800
49200 0.948300
49300 0.946900
49400 0.946200
49500 0.945800
49600 0.946900
49700 0.946900
49800 0.947400
49900 0.947300
50000 0.946200
50100 0.945800
50200 0.946200
50300 0.944500
50400 0.946600
50500 0.946600
50600 0.944000
50700 0.946200
50800 0.946800
50900 0.946700
51000 0.948500
51100 0.947700
51200 0.947600
51300 0.947500
51400 0.947500
51500 0.945500
51600 0.945300
51700 0.947700
51800 0.946200
51900 0.946900
52000 0.947800
52100 0.945900
52200 0.948000
52300 0.946900
52400 0.945500
52500 0.948900
52600 0.950100
52700 0.947500
52800 0.949100
52900 0.947600
53000 0.948700
53100 0.948700
53200 0.947100
53300 0.945400
53400 0.947100
53500 0.948600
53600 0.948700
53700 0.948200
53800 0.947200
53900 0.949200
54000 0.947600
54100 0.948700
54200 0.949100
54300 0.946700
54400 0.947600
54500 0.947500
54600 0.947900
54700 0.947500
54800 0.948300
54900 0.947200
55000 0.946900
55100 0.948000
55200 0.946900
55300 0.948900
55400 0.948300
55500 0.946100
55600 0.949900
55700 0.947800
55800 0.948200
55900 0.949400
56000 0.947500
56100 0.947300
56200 0.949500
56300 0.949200
56400 0.948700
56500 0.947400
56600 0.947600
56700 0.948400
56800 0.949100
56900 0.948800
57000 0.947600
57100 0.948800
57200 0.948300
57300 0.949300
57400 0.949700
57500 0.949500
57600 0.947300
57700 0.949800
57800 0.948200
57900 0.947800
58000 0.947800
58100 0.948600
58200 0.949700
58300 0.948100
58400 0.949100
58500 0.948800
58600 0.946600
58700 0.947200
58800 0.947600
58900 0.948300
59000 0.947800
59100 0.947700
59200 0.950000
59300 0.948600
59400 0.948800
59500 0.948700
59600 0.949000
59700 0.947200
59800 0.949100
59900 0.948600
60000 0.950400
60100 0.948300
60200 0.950700
60300 0.950300
60400 0.951000
60500 0.949800
60600 0.948200
60700 0.948500
60800 0.951000
60900 0.951700
61000 0.949200
61100 0.951500
61200 0.950900
61300 0.951100
61400 0.950200
61500 0.949500
61600 0.951600
61700 0.948300
61800 0.950700
61900 0.948300
62000 0.949800
62100 0.949800
62200 0.950600
62300 0.948600
62400 0.948100
62500 0.948600
62600 0.948700
62700 0.949000
62800 0.949000
62900 0.948600
63000 0.949500
63100 0.948500
63200 0.951000
63300 0.947600
63400 0.948800
63500 0.949400
63600 0.949100
63700 0.949900
63800 0.949200
63900 0.949200
64000 0.948900
64100 0.949500
64200 0.951400
64300 0.951300
64400 0.950900
64500 0.950600
64600 0.950000
64700 0.949800
64800 0.950700
64900 0.949300
65000 0.950800
65100 0.950300
65200 0.952400
65300 0.949400
65400 0.950900
65500 0.949100
65600 0.950700
65700 0.950400
65800 0.950900
65900 0.951300
66000 0.950000
66100 0.952200
66200 0.951100
66300 0.950200
66400 0.951700
66500 0.951600
66600 0.951800
66700 0.951700
66800 0.951200
66900 0.951900
67000 0.951600
67100 0.951100
67200 0.951400
67300 0.949600
67400 0.951500
67500 0.950700
67600 0.950400
67700 0.949900
67800 0.952200
67900 0.952300
68000 0.952100
68100 0.952700
68200 0.950300
68300 0.951500
68400 0.951900
68500 0.949800
68600 0.951800
68700 0.951600
68800 0.950200
68900 0.951600
69000 0.950400
69100 0.950700
69200 0.951500
69300 0.951400
69400 0.950700
69500 0.951100
69600 0.952300
69700 0.951400
69800 0.950900
69900 0.952000
70000 0.951600
70100 0.952300
70200 0.950700
70300 0.952800
70400 0.951500
70500 0.950700
70600 0.950100
70700 0.950600
70800 0.947700
70900 0.948300
71000 0.947300
71100 0.948500
71200 0.951400
71300 0.950300
71400 0.950400
71500 0.949800
71600 0.951900
71700 0.950800
71800 0.951400
71900 0.952700
72000 0.951800
72100 0.952300
72200 0.949500
72300 0.950000
72400 0.951200
72500 0.950300
72600 0.949800
72700 0.952300
72800 0.950900
72900 0.951200
73000 0.951100
73100 0.951300
73200 0.950700
73300 0.951000
73400 0.950600
73500 0.948700
73600 0.951500
73700 0.950900
73800 0.946800
73900 0.951300
74000 0.951200
74100 0.952500
74200 0.951500
74300 0.950600
74400 0.951300
74500 0.950500
74600 0.949800
74700 0.950500
74800 0.949500
74900 0.951800
75000 0.952400
75100 0.950400
75200 0.952200
75300 0.950900
75400 0.952600
75500 0.951000
75600 0.951200
75700 0.951000
75800 0.952100
75900 0.952400
76000 0.951000
76100 0.950800
76200 0.952200
76300 0.953200
76400 0.951700
76500 0.952900
76600 0.952400
76700 0.951000
76800 0.952100
76900 0.953400
77000 0.954000
77100 0.953300
77200 0.953100
77300 0.953200
77400 0.953200
77500 0.952700
77600 0.952900
77700 0.951900
77800 0.951600
77900 0.951800
78000 0.950900
78100 0.952000
78200 0.952500
78300 0.953200
78400 0.953400
78500 0.952300
78600 0.953900
78700 0.952300
78800 0.953500
78900 0.951500
79000 0.952900
79100 0.952200
79200 0.952700
79300 0.952400
79400 0.954100
79500 0.952600
79600 0.951500
79700 0.953700
79800 0.951500
79900 0.950800
80000 0.953100
80100 0.952900
80200 0.953500
80300 0.953100
80400 0.951600
80500 0.952900
80600 0.951700
80700 0.953200
80800 0.951000
80900 0.953400
81000 0.952700
81100 0.953600
81200 0.951100
81300 0.953900
81400 0.951600
81500 0.953500
81600 0.952300
81700 0.946900
81800 0.952500
81900 0.953000
82000 0.953500
82100 0.952900
82200 0.953300
82300 0.954200
82400 0.951000
82500 0.950700
82600 0.952500
82700 0.952700
82800 0.953400
82900 0.951000
83000 0.951400
83100 0.952100
83200 0.952700
83300 0.950900
83400 0.951000
83500 0.951800
83600 0.952500
83700 0.953800
83800 0.952000
83900 0.952300
84000 0.952600
84100 0.951700
84200 0.953400
84300 0.953200
84400 0.950400
84500 0.952200
84600 0.953000
84700 0.951500
84800 0.951800
84900 0.952700
85000 0.953200
85100 0.954400
85200 0.953000
85300 0.952400
85400 0.954500
85500 0.952900
85600 0.950700
85700 0.950600
85800 0.952400
85900 0.951200
86000 0.952500
86100 0.954500
86200 0.953400
86300 0.953500
86400 0.951900
86500 0.949400
86600 0.952400
86700 0.951900
86800 0.954600
86900 0.953100
87000 0.953300
87100 0.954100
87200 0.954300
87300 0.954100
87400 0.952600
87500 0.951200
87600 0.952100
87700 0.952300
87800 0.951800
87900 0.951600
88000 0.953800
88100 0.953700
88200 0.953300
88300 0.954900
88400 0.955300
88500 0.954000
88600 0.952900
88700 0.953100
88800 0.952200
88900 0.952400
89000 0.951200
89100 0.950500
89200 0.952400
89300 0.953800
89400 0.954600
89500 0.952500
89600 0.953800
89700 0.953400
89800 0.952000
89900 0.954600
90000 0.954100
90100 0.953200
90200 0.952900
90300 0.954600
90400 0.954300
90500 0.953900
90600 0.954000
90700 0.952900
90800 0.954100
90900 0.953700
91000 0.953500
91100 0.953300
91200 0.952100
91300 0.950900
91400 0.952700
91500 0.952500
91600 0.951800
91700 0.952100
91800 0.953700
91900 0.953000
92000 0.951800
92100 0.952500
92200 0.953800
92300 0.953600
92400 0.951800
92500 0.953400
92600 0.954100
92700 0.953700
92800 0.953000
92900 0.953800
93000 0.953500
93100 0.953000
93200 0.951700
93300 0.950400
93400 0.951300
93500 0.951100
93600 0.953300
93700 0.952500
93800 0.951900
93900 0.952200
94000 0.953700
94100 0.955000
94200 0.954300
94300 0.951700
94400 0.953500
94500 0.953700
94600 0.952400
94700 0.953200
94800 0.954500
94900 0.953000
95000 0.952700
95100 0.953300
95200 0.952900
95300 0.953800
95400 0.953300
95500 0.950500
95600 0.952300
95700 0.953500
95800 0.951800
95900 0.953000
96000 0.953600
96100 0.953500
96200 0.954300
96300 0.954100
96400 0.955200
96500 0.955300
96600 0.953600
96700 0.951900
96800 0.953100
96900 0.951800
97000 0.954300
97100 0.953300
97200 0.953700
97300 0.954200
97400 0.954800
97500 0.955200
97600 0.954000
97700 0.953200
97800 0.952600
97900 0.953000
98000 0.952800
98100 0.953200
98200 0.955900
98300 0.955700
98400 0.953700
98500 0.954500
98600 0.953900
98700 0.954500
98800 0.955200
98900 0.955500
99000 0.954300
99100 0.955200
99200 0.955300
99300 0.954400
99400 0.955300
99500 0.956100
99600 0.954700
99700 0.955900
99800 0.954800
99900 0.956200
100000 0.952300
100100 0.954800
100200 0.955000
100300 0.954900
100400 0.954700
100500 0.953500
100600 0.955800
100700 0.955300
100800 0.954500
100900 0.954200
101000 0.955500
101100 0.953000
101200 0.955400
101300 0.953700
101400 0.954400
101500 0.955400
101600 0.955700
101700 0.956000
101800 0.953300
101900 0.953700
102000 0.952800
102100 0.954100
102200 0.950700
102300 0.954000
102400 0.953300
102500 0.956000
102600 0.953900
102700 0.952700
102800 0.954500
102900 0.953400
103000 0.954300
103100 0.953400
103200 0.952900
103300 0.953000
103400 0.953000
103500 0.952900
103600 0.952300
103700 0.953500
103800 0.954300
103900 0.953200
104000 0.954200
104100 0.954000
104200 0.953700
104300 0.952800
104400 0.953800
104500 0.953200
104600 0.952600
104700 0.954100
104800 0.953300
104900 0.955200
105000 0.954300
105100 0.954000
105200 0.954400
105300 0.954900
105400 0.954400
105500 0.954400
105600 0.954700
105700 0.954300
105800 0.953200
105900 0.954800
106000 0.953600
106100 0.953900
106200 0.956400
106300 0.955000
106400 0.955600
106500 0.955400
106600 0.952100
106700 0.955200
106800 0.955600
106900 0.954800
107000 0.956500
107100 0.957200
107200 0.955700
107300 0.955200
107400 0.954000
107500 0.954400
107600 0.954200
107700 0.954900
107800 0.954800
107900 0.953100
108000 0.956600
108100 0.955700
108200 0.955800
108300 0.955400
108400 0.954300
108500 0.954500
108600 0.954500
108700 0.953000
108800 0.954700
108900 0.956800
109000 0.955600
109100 0.956500
109200 0.957300
109300 0.955900
109400 0.956000
109500 0.954600
109600 0.955600
109700 0.955300
109800 0.955300
109900 0.954800
110000 0.953600
110100 0.953400
110200 0.952900
110300 0.953500
110400 0.952100
110500 0.953200
110600 0.952800
110700 0.953900
110800 0.954800
110900 0.952500
111000 0.955200
111100 0.952400
111200 0.955000
111300 0.954300
111400 0.955300
111500 0.955100
111600 0.955200
111700 0.956000
111800 0.955200
111900 0.955000
112000 0.956800
112100 0.954900
112200 0.955500
112300 0.954500
112400 0.954400
112500 0.953600
112600 0.954300
112700 0.955800
112800 0.955500
112900 0.956600
113000 0.955600
113100 0.955000
113200 0.953100
113300 0.954200
113400 0.955700
113500 0.954200
113600 0.952400
113700 0.953700
113800 0.955000
113900 0.955500
114000 0.954800
114100 0.954900
114200 0.955300
114300 0.956500
114400 0.952600
114500 0.956600
114600 0.957100
114700 0.955800
114800 0.955300
114900 0.954100
115000 0.953700
115100 0.952400
115200 0.954600
115300 0.953700
115400 0.951700
115500 0.953700
115600 0.954600
115700 0.953600
115800 0.953400
115900 0.955000
116000 0.953200
116100 0.954400
116200 0.952600
116300 0.953500
116400 0.952700
116500 0.955200
116600 0.956200
116700 0.955600
116800 0.954000
116900 0.953900
117000 0.953600
117100 0.955200
117200 0.955300
117300 0.953100
117400 0.953100
117500 0.953100
117600 0.955900
117700 0.957400
117800 0.955500
117900 0.956200
118000 0.956400
118100 0.957300
118200 0.956500
118300 0.957100
118400 0.956200
118500 0.957600
118600 0.953900
118700 0.956900
118800 0.956700
118900 0.955400
119000 0.955600
119100 0.954800
119200 0.953900
119300 0.955700
119400 0.955000
119500 0.953200
119600 0.954800
119700 0.954100
119800 0.956400
119900 0.956400
120000 0.955000
120100 0.957100
120200 0.957200
120300 0.956600
120400 0.957100
120500 0.957200
120600 0.956400
120700 0.956900
120800 0.956000
120900 0.955900
121000 0.955800
121100 0.955800
121200 0.956000
121300 0.954200
121400 0.955300
121500 0.953800
121600 0.956500
121700 0.955900
121800 0.957200
121900 0.958100
122000 0.955500
122100 0.956000
122200 0.954900
122300 0.957100
122400 0.956900
122500 0.956200
122600 0.955300
122700 0.955000
122800 0.954700
122900 0.953400
123000 0.954700
123100 0.954700
123200 0.956100
123300 0.956200
123400 0.956700
123500 0.954600
123600 0.956100
123700 0.956300
123800 0.956600
123900 0.955900
124000 0.955500
124100 0.954300
124200 0.957100
124300 0.956100
124400 0.955300
124500 0.955400
124600 0.955300
124700 0.955900
124800 0.955500
124900 0.954100
125000 0.955300
125100 0.956800
125200 0.955800
125300 0.956000
125400 0.955800
125500 0.957100
125600 0.958400
125700 0.956500
125800 0.956000
125900 0.958400
126000 0.956400
126100 0.957300
126200 0.956900
126300 0.956600
126400 0.955100
126500 0.956600
126600 0.954500
126700 0.957000
126800 0.957400
126900 0.957100
127000 0.955000
127100 0.956800
127200 0.955000
127300 0.958200
127400 0.956500
127500 0.956000
127600 0.953000
127700 0.955300
127800 0.956800
127900 0.954000
128000 0.956300
128100 0.955200
128200 0.954200
128300 0.956100
128400 0.958800
128500 0.957600
128600 0.957900
128700 0.957600
128800 0.957900
128900 0.957800
129000 0.957400
129100 0.958200
129200 0.957700
129300 0.957100
129400 0.957400
129500 0.957600
129600 0.957500
129700 0.957500
129800 0.957600
129900 0.956100
130000 0.957100
130100 0.956000
130200 0.956600
130300 0.956100
130400 0.957500
130500 0.953500
130600 0.954700
130700 0.954600
130800 0.955900
130900 0.955700
131000 0.956000
131100 0.956400
131200 0.956500
131300 0.956900
131400 0.956500
131500 0.957700
131600 0.956400
131700 0.956000
131800 0.955700
131900 0.957500
132000 0.956000
132100 0.956400
132200 0.956100
132300 0.957200
132400 0.956800
132500 0.954000
132600 0.956200
132700 0.956700
132800 0.957000
132900 0.956800
133000 0.957700
133100 0.957200
133200 0.957700
133300 0.957800
133400 0.956500
133500 0.957900
133600 0.955600
133700 0.957100
133800 0.955500
133900 0.958500
134000 0.957300
134100 0.956400
134200 0.955300
134300 0.956100
134400 0.956700
134500 0.955400
134600 0.953400
134700 0.954900
134800 0.955800
134900 0.958200
135000 0.955200
135100 0.955700
135200 0.956100
135300 0.957100
135400 0.955600
135500 0.955900
135600 0.956700
135700 0.956800
135800 0.957600
135900 0.956600
136000 0.956700
136100 0.955900
136200 0.956400
136300 0.956100
136400 0.954800
136500 0.955900
136600 0.956400
136700 0.956000
136800 0.955300
136900 0.955500
137000 0.955800
137100 0.957400
137200 0.956800
137300 0.957900
137400 0.957000
137500 0.956700
137600 0.956300
137700 0.957300
137800 0.958000
137900 0.957900
138000 0.957100
138100 0.957000
138200 0.956200
138300 0.956600
138400 0.956400
138500 0.956600
138600 0.956900
138700 0.957800
138800 0.956600
138900 0.956300
139000 0.955500
139100 0.956700
139200 0.956900
139300 0.956000
139400 0.955300
139500 0.955500
139600 0.956300
139700 0.955900
139800 0.955000
139900 0.956500
140000 0.957700
140100 0.954000
140200 0.955700
140300 0.956100
140400 0.956700
140500 0.955100
140600 0.955700
140700 0.955900
140800 0.955200
140900 0.958000
141000 0.955700
141100 0.956700
141200 0.955600
141300 0.956400
141400 0.955400
141500 0.954300
141600 0.955200
141700 0.956000
141800 0.954300
141900 0.955400
142000 0.953800
142100 0.955500
142200 0.955600
142300 0.955700
142400 0.953900
142500 0.954600
142600 0.954700
142700 0.954800
142800 0.953800
142900 0.954900
143000 0.953900
143100 0.955000
143200 0.954300
143300 0.953000
143400 0.953000
143500 0.954800
143600 0.957000
143700 0.955900
143800 0.955900
143900 0.957400
144000 0.954900
144100 0.955100
144200 0.957000
144300 0.955400
144400 0.952200
144500 0.955100
144600 0.955300
144700 0.955400
144800 0.956500
144900 0.957300
145000 0.957800
145100 0.956900
145200 0.956700
145300 0.955000
145400 0.955400
145500 0.956200
145600 0.956100
145700 0.955700
145800 0.957200
145900 0.955600
146000 0.957900
146100 0.956800
146200 0.956400
146300 0.956300
146400 0.956800
146500 0.957300
146600 0.954600
146700 0.955800
146800 0.954600
146900 0.955800
147000 0.955800
147100 0.957500
147200 0.958200
147300 0.957000
147400 0.954900
147500 0.956500
147600 0.955700
147700 0.957000
147800 0.957300
147900 0.957500
148000 0.955500
148100 0.955400
148200 0.956500
148300 0.956300
148400 0.956200
148500 0.956700
148600 0.954000
148700 0.957400
148800 0.954900
148900 0.957900
149000 0.956300
149100 0.956400
149200 0.956800
149300 0.954700
149400 0.958000
149500 0.956100
149600 0.956000
149700 0.955900
149800 0.954500
149900 0.955700
150000 0.956400
150100 0.955600
150200 0.957200
150300 0.956200
150400 0.956100
150500 0.957500
150600 0.956200
150700 0.957400
150800 0.957600
150900 0.956800
151000 0.957100
151100 0.957900
151200 0.957700
151300 0.955900
151400 0.957000
151500 0.955400
151600 0.955400
151700 0.957200
151800 0.955200
151900 0.956900
152000 0.955300
152100 0.956600
152200 0.955500
152300 0.956500
152400 0.955800
152500 0.955400
152600 0.955600
152700 0.955600
152800 0.956500
152900 0.956400
153000 0.955000
153100 0.956700
153200 0.957700
153300 0.956900
153400 0.956400
153500 0.957800
153600 0.956200
153700 0.958100
153800 0.956600
153900 0.958300
154000 0.956600
154100 0.954400
154200 0.955000
154300 0.955500
154400 0.956000
154500 0.956900
154600 0.957600
154700 0.957700
154800 0.957700
154900 0.958600
155000 0.958000
155100 0.956400
155200 0.957000
155300 0.957600
155400 0.956600
155500 0.957200
155600 0.956900
155700 0.956700
155800 0.955600
155900 0.955700
156000 0.956500
156100 0.957100
156200 0.956700
156300 0.956600
156400 0.957700
156500 0.956400
156600 0.957300
156700 0.957300
156800 0.954800
156900 0.956300
157000 0.956300
157100 0.957100
157200 0.957200
157300 0.956800
157400 0.956600
157500 0.956500
157600 0.956400
157700 0.956600
157800 0.955400
157900 0.953200
158000 0.955600
158100 0.955700
158200 0.957300
158300 0.957100
158400 0.955700
158500 0.956800
158600 0.953800
158700 0.956100
158800 0.955900
158900 0.956800
159000 0.955200
159100 0.955600
159200 0.955100
159300 0.956100
159400 0.955600
159500 0.955900
159600 0.957000
159700 0.957400
159800 0.957800
159900 0.954400
160000 0.956500
160100 0.957400
160200 0.956400
160300 0.956500
160400 0.956700
160500 0.956300
160600 0.956700
160700 0.956300
160800 0.956100
160900 0.958400
161000 0.955400
161100 0.957700
161200 0.957600
161300 0.954200
161400 0.957200
161500 0.956800
161600 0.956900
161700 0.956700
161800 0.957200
161900 0.955300
162000 0.956200
162100 0.956700
162200 0.956500
162300 0.956200
162400 0.956100
162500 0.955300
162600 0.954000
162700 0.957500
162800 0.957300
162900 0.957700
163000 0.957400
163100 0.956900
163200 0.956100
163300 0.955700
163400 0.955800
163500 0.955700
163600 0.956300
163700 0.955700
163800 0.956200
163900 0.955800
164000 0.956600
164100 0.956000
164200 0.957300
164300 0.957100
164400 0.955100
164500 0.955300
164600 0.957000
164700 0.957100
164800 0.957300
164900 0.955500
165000 0.956400
165100 0.956800
165200 0.957800
165300 0.955500
165400 0.955100
165500 0.954800
165600 0.955700
165700 0.955400
165800 0.958000
165900 0.956900
166000 0.956600
166100 0.954600
166200 0.956700
166300 0.957600
166400 0.957100
166500 0.959100
166600 0.957900
166700 0.954000
166800 0.956800
166900 0.958000
167000 0.957400
167100 0.957500
167200 0.957700
167300 0.956300
167400 0.956600
167500 0.958000
167600 0.955300
167700 0.955400
167800 0.957800
167900 0.956800
168000 0.955900
168100 0.955300
168200 0.956400
168300 0.957600
168400 0.955500
168500 0.958000
168600 0.957900
168700 0.958300
168800 0.958500
168900 0.957200
169000 0.959200
169100 0.957500
169200 0.958700
169300 0.957500
169400 0.958600
169500 0.957900
169600 0.958900
169700 0.957300
169800 0.956800
169900 0.956600
170000 0.956800
170100 0.957600
170200 0.958900
170300 0.956800
170400 0.956900
170500 0.958400
170600 0.956200
170700 0.959400
170800 0.958100
170900 0.956400
171000 0.956200
171100 0.955300
171200 0.958700
171300 0.957100
171400 0.957400
171500 0.956700
171600 0.957200
171700 0.957600
171800 0.958300
171900 0.957800
172000 0.956700
172100 0.957300
172200 0.958100
172300 0.957500
172400 0.955800
172500 0.956100
172600 0.956900
172700 0.957300
172800 0.958000
172900 0.957500
173000 0.957600
173100 0.955400
173200 0.957600
173300 0.956800
173400 0.958300
173500 0.957500
173600 0.957500
173700 0.956400
173800 0.957700
173900 0.956600
174000 0.956400
174100 0.956300
174200 0.957300
174300 0.956600
174400 0.956000
174500 0.956200
174600 0.955100
174700 0.955300
174800 0.956500
174900 0.956900
175000 0.957200
175100 0.957300
175200 0.957500
175300 0.958000
175400 0.957200
175500 0.958100
175600 0.957800
175700 0.956100
175800 0.957100
175900 0.957500
176000 0.956200
176100 0.958000
176200 0.957500
176300 0.957200
176400 0.957600
176500 0.956500
176600 0.956100
176700 0.957700
176800 0.957000
176900 0.958000
177000 0.957900
177100 0.957100
177200 0.956000
177300 0.956000
177400 0.956000
177500 0.956000
177600 0.957900
177700 0.957500
177800 0.957500
177900 0.956500
178000 0.957800
178100 0.956500
178200 0.957100
178300 0.956700
178400 0.956900
178500 0.957400
178600 0.957100
178700 0.957500
178800 0.956300
178900 0.957800
179000 0.955800
179100 0.957000
179200 0.958000
179300 0.958000
179400 0.956300
179500 0.956600
179600 0.957900
179700 0.956900
179800 0.956800
179900 0.957900
180000 0.958200
180100 0.959200
180200 0.958000
180300 0.956300
180400 0.957000
180500 0.957900
180600 0.956100
180700 0.957100
180800 0.956600
180900 0.956900
181000 0.954600
181100 0.956800
181200 0.956500
181300 0.955000
181400 0.956500
181500 0.956300
181600 0.958600
181700 0.957400
181800 0.957900
181900 0.956500
182000 0.957800
182100 0.958600
182200 0.958300
182300 0.957400
182400 0.956400
182500 0.958000
182600 0.957800
182700 0.955700
182800 0.957900
182900 0.956700
183000 0.956300
183100 0.958500
183200 0.958200
183300 0.958500
183400 0.956100
183500 0.957900
183600 0.957800
183700 0.958200
183800 0.958800
183900 0.957000
184000 0.956400
184100 0.956500
184200 0.957300
184300 0.957600
184400 0.958300
184500 0.958400
184600 0.956100
184700 0.957800
184800 0.957100
184900 0.957100
185000 0.958600
185100 0.956600
185200 0.957600
185300 0.957200
185400 0.958800
185500 0.955400
185600 0.957900
185700 0.958400
185800 0.957700
185900 0.956500
186000 0.956500
186100 0.956400
186200 0.958900
186300 0.957100
186400 0.955900
186500 0.959200
186600 0.956500
186700 0.958600
186800 0.958700
186900 0.955600
187000 0.957000
187100 0.957500
187200 0.957100
187300 0.956800
187400 0.956500
187500 0.956800
187600 0.956500
187700 0.954300
187800 0.954900
187900 0.956900
188000 0.957400
188100 0.957900
188200 0.956200
188300 0.957500
188400 0.956600
188500 0.955500
188600 0.957900
188700 0.957300
188800 0.954900
188900 0.956200
189000 0.955600
189100 0.956300
189200 0.954200
189300 0.957100
189400 0.957600
189500 0.956000
189600 0.955000
189700 0.955600
189800 0.955900
189900 0.957700
190000 0.955100
190100 0.955500
190200 0.956100
190300 0.957500
190400 0.957900
190500 0.957600
190600 0.958300
190700 0.957900
190800 0.958200
190900 0.956900
191000 0.957600
191100 0.956100
191200 0.958900
191300 0.957600
191400 0.956900
191500 0.957000
191600 0.958300
191700 0.957700
191800 0.956400
191900 0.956700
192000 0.957600
192100 0.957800
192200 0.956900
192300 0.957200
192400 0.958200
192500 0.958000
192600 0.957100
192700 0.958100
192800 0.958500
192900 0.956800
193000 0.957800
193100 0.956500
193200 0.958300
193300 0.957000
193400 0.957600
193500 0.957900
193600 0.957800
193700 0.957600
193800 0.957100
193900 0.958900
194000 0.957300
194100 0.956100
194200 0.956300
194300 0.956400
194400 0.957400
194500 0.958200
194600 0.959300
194700 0.957000
194800 0.957800
194900 0.956900
195000 0.957600
195100 0.957300
195200 0.956700
195300 0.957100
195400 0.956200
195500 0.956200
195600 0.958400
195700 0.959100
195800 0.957600
195900 0.957800
196000 0.956800
196100 0.957600
196200 0.957700
196300 0.958200
196400 0.957800
196500 0.957300
196600 0.957200
196700 0.958400
196800 0.956400
196900 0.956200
197000 0.958100
197100 0.958800
197200 0.958200
197300 0.957100
197400 0.956400
197500 0.956300
197600 0.956200
197700 0.957100
197800 0.956200
197900 0.957900
198000 0.957000
198100 0.956900
198200 0.957800
198300 0.956800
198400 0.955600
198500 0.956200
198600 0.957200
198700 0.957000
198800 0.957800
198900 0.958100
199000 0.957200
199100 0.956400
199200 0.957900
199300 0.956200
199400 0.957100
199500 0.957900
199600 0.956800
199700 0.956500
199800 0.955900
199900 0.956000
200000 0.955200
200100 0.954500
200200 0.955200
200300 0.955100
200400 0.955500
200500 0.955600
200600 0.956300
200700 0.956500
200800 0.956600
200900 0.957700
201000 0.956700
201100 0.956800
201200 0.956300
201300 0.956200
201400 0.957900
201500 0.958300
201600 0.958500
201700 0.956900
201800 0.956800
201900 0.958100
202000 0.957400
202100 0.956500
202200 0.958300
202300 0.956600
202400 0.956200
202500 0.956900
202600 0.957100
202700 0.957800
202800 0.957400
202900 0.956700
203000 0.957200
203100 0.957100
203200 0.955900
203300 0.957000
203400 0.957200
203500 0.956900
203600 0.956900
203700 0.957200
203800 0.957700
203900 0.957800
204000 0.956900
204100 0.956400
204200 0.956500
204300 0.956800
204400 0.956400
204500 0.956700
204600 0.957100
204700 0.956100
204800 0.957400
204900 0.958100
205000 0.957300
205100 0.957200
205200 0.957900
205300 0.957300
205400 0.956400
205500 0.958200
205600 0.958500
205700 0.957500
205800 0.958500
205900 0.956900
206000 0.958000
206100 0.958600
206200 0.957200
206300 0.958500
206400 0.958900
206500 0.957200
206600 0.957500
206700 0.956300
206800 0.955500
206900 0.958600
207000 0.958400
207100 0.957700
207200 0.955600
207300 0.958800
207400 0.958000
207500 0.958100
207600 0.956600
207700 0.958200
207800 0.957300
207900 0.958300
208000 0.957800
208100 0.957400
208200 0.957200
208300 0.958300
208400 0.957300
208500 0.958600
208600 0.959500
208700 0.960700
208800 0.958000
208900 0.959300
209000 0.958200
209100 0.956800
209200 0.957600
209300 0.955500
209400 0.956600
209500 0.956300
209600 0.958100
209700 0.957700
209800 0.956300
209900 0.957100
210000 0.956800
210100 0.957800
210200 0.957800
210300 0.956800
210400 0.958400
210500 0.958500
210600 0.959500
210700 0.958700
210800 0.957900
210900 0.958500
211000 0.958200
211100 0.958500
211200 0.958200
211300 0.958000
211400 0.957900
211500 0.957700
211600 0.957300
211700 0.958200
211800 0.956600
211900 0.957000
212000 0.957800
212100 0.958000
212200 0.958100
212300 0.956900
212400 0.957800
212500 0.956600
212600 0.957900
212700 0.958200
212800 0.957500
212900 0.958300
213000 0.956400
213100 0.960300
213200 0.959600
213300 0.957500
213400 0.958600
213500 0.958200
213600 0.958300
213700 0.956900
213800 0.957700
213900 0.956600
214000 0.957100
214100 0.957300
214200 0.957200
214300 0.957700
214400 0.958000
214500 0.958100
214600 0.958700
214700 0.957500
214800 0.956900
214900 0.957300
215000 0.957500
215100 0.955800
215200 0.959200
215300 0.956000
215400 0.957200
215500 0.955400
215600 0.957800
215700 0.958500
215800 0.957600
215900 0.959500
216000 0.956800
216100 0.956700
216200 0.957300
216300 0.957900
216400 0.957500
216500 0.957600
216600 0.957500
216700 0.957700
216800 0.958400
216900 0.958000
217000 0.957600
217100 0.958000
217200 0.958000
217300 0.959100
217400 0.957500
217500 0.958100
217600 0.955900
217700 0.959200
217800 0.958600
217900 0.956200
218000 0.956200
218100 0.957900
218200 0.958300
218300 0.956400
218400 0.957800
218500 0.957700
218600 0.956500
218700 0.957600
218800 0.958300
218900 0.958200
219000 0.957200
219100 0.957700
219200 0.956700
219300 0.957800
219400 0.957300
219500 0.957100
219600 0.956600
219700 0.958500
219800 0.958500
219900 0.956100
220000 0.956500
220100 0.956900
220200 0.956800
220300 0.957400
220400 0.957500
220500 0.958200
220600 0.959200
220700 0.958700
220800 0.957700
220900 0.957100
221000 0.957200
221100 0.957300
221200 0.957600
221300 0.958200
221400 0.957900
221500 0.958700
221600 0.956700
221700 0.957000
221800 0.958300
221900 0.957500
222000 0.958000
222100 0.958700
222200 0.957300
222300 0.959000
222400 0.957300
222500 0.957600
222600 0.957300
222700 0.958300
222800 0.957200
222900 0.959300
223000 0.959100
223100 0.958900
223200 0.958500
223300 0.956800
223400 0.957200
223500 0.958000
223600 0.958900
223700 0.958700
223800 0.958500
223900 0.957300
224000 0.956900
224100 0.956600
224200 0.954900
224300 0.956000
224400 0.958500
224500 0.959200
224600 0.959400
224700 0.957300
224800 0.957800
224900 0.959000
225000 0.956400
225100 0.957900
225200 0.959000
225300 0.959200
225400 0.958400
225500 0.959100
225600 0.958100
225700 0.959800
225800 0.959600
225900 0.958100
226000 0.959400
226100 0.958200
226200 0.959300
226300 0.957900
226400 0.959100
226500 0.957800
226600 0.958400
226700 0.959700
226800 0.960300
226900 0.959900
227000 0.958200
227100 0.959200
227200 0.958600
227300 0.956700
227400 0.957100
227500 0.958100
227600 0.958200
227700 0.958400
227800 0.958300
227900 0.958500
228000 0.957100
228100 0.959000
228200 0.958300
228300 0.958300
228400 0.957400
228500 0.959600
228600 0.958500
228700 0.956600
228800 0.957200
228900 0.959500
229000 0.956500
229100 0.958400
229200 0.959400
229300 0.956300
229400 0.956900
229500 0.956700
229600 0.958100
229700 0.956700
229800 0.957000
229900 0.958200
230000 0.958500
230100 0.957800
230200 0.957400
230300 0.958200
230400 0.958900
230500 0.958300
230600 0.957900
230700 0.958000
230800 0.957700
230900 0.958500
231000 0.957700
231100 0.957700
231200 0.957500
231300 0.958800
231400 0.958000
231500 0.957400
231600 0.957100
231700 0.958100
231800 0.957600
231900 0.957800
232000 0.958900
232100 0.957900
232200 0.958200
232300 0.959800
232400 0.959200
232500 0.959400
232600 0.958100
232700 0.959400
232800 0.959700
232900 0.955800
233000 0.959300
233100 0.959600
233200 0.959700
233300 0.957900
233400 0.958100
233500 0.958600
233600 0.959700
233700 0.959200
233800 0.958800
233900 0.959200
234000 0.959200
234100 0.958100
234200 0.957400
234300 0.957600
234400 0.959000
234500 0.957900
234600 0.957500
234700 0.958300
234800 0.958300
234900 0.959100
235000 0.957000
235100 0.958200
235200 0.957500
235300 0.958400
235400 0.958600
235500 0.958800
235600 0.958000
235700 0.955400
235800 0.958500
235900 0.957800
236000 0.958300
236100 0.958300
236200 0.957500
236300 0.957100
236400 0.957800
236500 0.959000
236600 0.959400
236700 0.958900
236800 0.958100
236900 0.958600
237000 0.959200
237100 0.958200
237200 0.958500
237300 0.957300
237400 0.959100
237500 0.959000
237600 0.957000
237700 0.957000
237800 0.957800
237900 0.959000
238000 0.959200
238100 0.957900
238200 0.958900
238300 0.959200
238400 0.958600
238500 0.958700
238600 0.958700
238700 0.957500
238800 0.957800
238900 0.958500
239000 0.958100
239100 0.958800
239200 0.958300
239300 0.959100
239400 0.959500
239500 0.957000
239600 0.958500
239700 0.958900
239800 0.958300
239900 0.959000
240000 0.957800
240100 0.958200
240200 0.959300
240300 0.959100
240400 0.958200
240500 0.957700
240600 0.959700
240700 0.957600
240800 0.958000
240900 0.957100
241000 0.957200
241100 0.955900
241200 0.955300
241300 0.957000
241400 0.959100
241500 0.958100
241600 0.957200
241700 0.958900
241800 0.957900
241900 0.958000
242000 0.955500
242100 0.958300
242200 0.958900
242300 0.959400
242400 0.960900
242500 0.959200
242600 0.958800
242700 0.958800
242800 0.959700
242900 0.959300
243000 0.958000
243100 0.958100
243200 0.957400
243300 0.957500
243400 0.958400
243500 0.957900
243600 0.958600
243700 0.957500
243800 0.957100
243900 0.958500
244000 0.956100
244100 0.957800
244200 0.958000
244300 0.958600
244400 0.958200
244500 0.957800
244600 0.958900
244700 0.957500
244800 0.958500
244900 0.958200
245000 0.957600
245100 0.958700
245200 0.957900
245300 0.957000
245400 0.957500
245500 0.957900
245600 0.959700
245700 0.958300
245800 0.958100
245900 0.958300
246000 0.958600
246100 0.957900
246200 0.958100
246300 0.958700
246400 0.959300
246500 0.959100
246600 0.958600
246700 0.958000
246800 0.957400
246900 0.957100
247000 0.957300
247100 0.958900
247200 0.959300
247300 0.958900
247400 0.958200
247500 0.958300
247600 0.959400
247700 0.958000
247800 0.958600
247900 0.958400
248000 0.959600
248100 0.959200
248200 0.957700
248300 0.957900
248400 0.958100
248500 0.959700
248600 0.959200
248700 0.957600
248800 0.959500
248900 0.958100
249000 0.957400
249100 0.957500
249200 0.957500
249300 0.958100
249400 0.958000
249500 0.958400
249600 0.958000
249700 0.958600
249800 0.957500
249900 0.958500
250000 0.958200
250100 0.958500
250200 0.958000
250300 0.959200
250400 0.959600
250500 0.958900
250600 0.960300
250700 0.960300
250800 0.960100
250900 0.959100
251000 0.958000
251100 0.956700
251200 0.957600
251300 0.957900
251400 0.958100
251500 0.957000
251600 0.957800
251700 0.959100
251800 0.959100
251900 0.958400
252000 0.958300
252100 0.958500
252200 0.959200
252300 0.960800
252400 0.958200
252500 0.959800
252600 0.959300
252700 0.957700
252800 0.958500
252900 0.958500
253000 0.958200
253100 0.959200
253200 0.959700
253300 0.960100
253400 0.958600
253500 0.960100
253600 0.959200
253700 0.958700
253800 0.959000
253900 0.956200
254000 0.959500
254100 0.957500
254200 0.957500
254300 0.958400
254400 0.959700
254500 0.957900
254600 0.957900
254700 0.958500
254800 0.957900
254900 0.959300
255000 0.959000
255100 0.959100
255200 0.958200
255300 0.958600
255400 0.959700
255500 0.957500
255600 0.958800
255700 0.958700
255800 0.960600
255900 0.959000
256000 0.958700
256100 0.957200
256200 0.959200
256300 0.958300
256400 0.958600
256500 0.957600
256600 0.957900
256700 0.959000
256800 0.958200
256900 0.957500
257000 0.960000
257100 0.959200
257200 0.958700
257300 0.959000
257400 0.959100
257500 0.959600
257600 0.959400
257700 0.959300
257800 0.959200
257900 0.956800
258000 0.958200
258100 0.957500
258200 0.956100
258300 0.957600
258400 0.958400
258500 0.959300
258600 0.958100
258700 0.959000
258800 0.961000
258900 0.960100
259000 0.960300
259100 0.959100
259200 0.959800
259300 0.960000
259400 0.959100
259500 0.957700
259600 0.957000
259700 0.958200
259800 0.958100
259900 0.957300
260000 0.958400
260100 0.958000
260200 0.960200
260300 0.958900
260400 0.960500
260500 0.959800
260600 0.959200
260700 0.958700
260800 0.958900
260900 0.960700
261000 0.959500
261100 0.960100
261200 0.958700
261300 0.958600
261400 0.958800
261500 0.958800
261600 0.959400
261700 0.958000
261800 0.956300
261900 0.957700
262000 0.958800
262100 0.958400
262200 0.958300
262300 0.957800
262400 0.958000
262500 0.958600
262600 0.958300
262700 0.959600
262800 0.957400
262900 0.957100
263000 0.958400
263100 0.959500
263200 0.958400
263300 0.958000
263400 0.959400
263500 0.958800
263600 0.958100
263700 0.957900
263800 0.959000
263900 0.958100
264000 0.958300
264100 0.958000
264200 0.959100
264300 0.959000
264400 0.959100
264500 0.958300
264600 0.958200
264700 0.958600
264800 0.958900
264900 0.959500
265000 0.959000
265100 0.957800
265200 0.958000
265300 0.958200
265400 0.958000
265500 0.958500
265600 0.957500
265700 0.958300
265800 0.956400
265900 0.958800
266000 0.959300
266100 0.957600
266200 0.955900
266300 0.958900
266400 0.959100
266500 0.957500
266600 0.957900
266700 0.958000
266800 0.958900
266900 0.958400
267000 0.959000
267100 0.959000
267200 0.959300
267300 0.958900
267400 0.959700
267500 0.958800
267600 0.959300
267700 0.959700
267800 0.959700
267900 0.960300
268000 0.960800
268100 0.959200
268200 0.958700
268300 0.958800
268400 0.958100
268500 0.957900
268600 0.958800
268700 0.957400
268800 0.957300
268900 0.959000
269000 0.958900
269100 0.959300
269200 0.959600
269300 0.959600
269400 0.957800
269500 0.959200
269600 0.958900
269700 0.957300
269800 0.958200
269900 0.958700
270000 0.958700
270100 0.959800
270200 0.958700
270300 0.959500
270400 0.959600
270500 0.959200
270600 0.959200
270700 0.959000
270800 0.958700
270900 0.959400
271000 0.958600
271100 0.957900
271200 0.958700
271300 0.958800
271400 0.957600
271500 0.958500
271600 0.958900
271700 0.958900
271800 0.958700
271900 0.958500
272000 0.957100
272100 0.958500
272200 0.958300
272300 0.959400
272400 0.956600
272500 0.958400
272600 0.958400
272700 0.957500
272800 0.958500
272900 0.957900
273000 0.956200
273100 0.957600
273200 0.959100
273300 0.959100
273400 0.959900
273500 0.959000
273600 0.958700
273700 0.959600
273800 0.958500
273900 0.958900
274000 0.958500
274100 0.958700
274200 0.959000
274300 0.958400
274400 0.958100
274500 0.959800
274600 0.959000
274700 0.957800
274800 0.956100
274900 0.959500
275000 0.958600
275100 0.959300
275200 0.959600
275300 0.958000
275400 0.960000
275500 0.959300
275600 0.959100
275700 0.960000
275800 0.959200
275900 0.959900
276000 0.959700
276100 0.959100
276200 0.959900
276300 0.959200
276400 0.957700
276500 0.959300
276600 0.958400
276700 0.958400
276800 0.957700
276900 0.959700
277000 0.958800
277100 0.959700
277200 0.958300
277300 0.958200
277400 0.958600
277500 0.958000
277600 0.958700
277700 0.958400
277800 0.959200
277900 0.958800
278000 0.958000
278100 0.956700
278200 0.958300
278300 0.956900
278400 0.956100
278500 0.957400
278600 0.957500
278700 0.958500
278800 0.958700
278900 0.958800
279000 0.960300
279100 0.959100
279200 0.958800
279300 0.957900
279400 0.959700
279500 0.959800
279600 0.957900
279700 0.958200
279800 0.958000
279900 0.957300
280000 0.958000
280100 0.960100
280200 0.959400
280300 0.958300
280400 0.959900
280500 0.958300
280600 0.960000
280700 0.959000
280800 0.959800
280900 0.959700
281000 0.959700
281100 0.959400
281200 0.958800
281300 0.958800
281400 0.958100
281500 0.959100
281600 0.957800
281700 0.958500
281800 0.958100
281900 0.958200
282000 0.959000
282100 0.959400
282200 0.959300
282300 0.957700
282400 0.957800
282500 0.959300
282600 0.958500
282700 0.959000
282800 0.960300
282900 0.958700
283000 0.959900
283100 0.957800
283200 0.958100
283300 0.959100
283400 0.958600
283500 0.958800
283600 0.957900
283700 0.958200
283800 0.957900
283900 0.958100
284000 0.958400
284100 0.957500
284200 0.958900
284300 0.958100
284400 0.958300
284500 0.956900
284600 0.958600
284700 0.959000
284800 0.957900
284900 0.958000
285000 0.957700
285100 0.958000
285200 0.958000
285300 0.959100
285400 0.958500
285500 0.956800
285600 0.958700
285700 0.959400
285800 0.957600
285900 0.958100
286000 0.957200
286100 0.956400
286200 0.956600
286300 0.957400
286400 0.957400
286500 0.960300
286600 0.958400
286700 0.957500
286800 0.958200
286900 0.957500
287000 0.958400
287100 0.957300
287200 0.957700
287300 0.959100
287400 0.957600
287500 0.958300
287600 0.958800
287700 0.959100
287800 0.959500
287900 0.958800
288000 0.957200
288100 0.956700
288200 0.956900
288300 0.957300
288400 0.957100
288500 0.956600
288600 0.956600
288700 0.957100
288800 0.957900
288900 0.957100
289000 0.958300
289100 0.958500
289200 0.957800
289300 0.957800
289400 0.957300
289500 0.958800
289600 0.958600
289700 0.957600
289800 0.958900
289900 0.957100
290000 0.958500
290100 0.956300
290200 0.958900
290300 0.959100
290400 0.959500
290500 0.958500
290600 0.958500
290700 0.957700
290800 0.958800
290900 0.957800
291000 0.958800
291100 0.959000
291200 0.957000
291300 0.956400
291400 0.957900
291500 0.958000
291600 0.958200
291700 0.958100
291800 0.957400
291900 0.956600
292000 0.958200
292100 0.958500
292200 0.957500
292300 0.956400
292400 0.957700
292500 0.958400
292600 0.958100
292700 0.957700
292800 0.958200
292900 0.957700
293000 0.958700
293100 0.958900
293200 0.958000
293300 0.958900
293400 0.958100
293500 0.957600
293600 0.958300
293700 0.958300
293800 0.959300
293900 0.957200
294000 0.957900
294100 0.958100
294200 0.957500
294300 0.959200
294400 0.958900
294500 0.958200
294600 0.958000
294700 0.958500
294800 0.958100
294900 0.958000
295000 0.957300
295100 0.958200
295200 0.958900
295300 0.958200
295400 0.958000
295500 0.959900
295600 0.959700
295700 0.959100
295800 0.959100
295900 0.958600
296000 0.956400
296100 0.958000
296200 0.959500
296300 0.959500
296400 0.958000
296500 0.956900
296600 0.958200
296700 0.958500
296800 0.958400
296900 0.957500
297000 0.956700
297100 0.958400
297200 0.958200
297300 0.957800
297400 0.956500
297500 0.957300
297600 0.958900
297700 0.957200
297800 0.958800
297900 0.958000
298000 0.957800
298100 0.958600
298200 0.958600
298300 0.958100
298400 0.959900
298500 0.959200
298600 0.959000
298700 0.958800
298800 0.958800
298900 0.957700
299000 0.957500
299100 0.958000
299200 0.959400
299300 0.957300
299400 0.958600
299500 0.959000
299600 0.958500
299700 0.959200
299800 0.958300
299900 0.959600
300000 0.959800
300100 0.959000
300200 0.958700
300300 0.959500
300400 0.958900
300500 0.958800
300600 0.959400
300700 0.958800
300800 0.959300
300900 0.959100
301000 0.959200
301100 0.959200
301200 0.959200
301300 0.959200
301400 0.959400
301500 0.958500
301600 0.958100
301700 0.959200
301800 0.959200
301900 0.957200
302000 0.958500
302100 0.958700
302200 0.958900
302300 0.957800
302400 0.958400
302500 0.958600
302600 0.959500
302700 0.958200
302800 0.959700
302900 0.958400
303000 0.958200
303100 0.958800
303200 0.959200
303300 0.958700
303400 0.957900
303500 0.957200
303600 0.958200
303700 0.958400
303800 0.958000
303900 0.957300
304000 0.957900
304100 0.956700
304200 0.959500
304300 0.959400
304400 0.959500
304500 0.958100
304600 0.959200
304700 0.959900
304800 0.959200
304900 0.957600
305000 0.959000
305100 0.958000
305200 0.958400
305300 0.958900
305400 0.959000
305500 0.959200
305600 0.959700
305700 0.958100
305800 0.957500
305900 0.958900
306000 0.958600
306100 0.959400
306200 0.959200
306300 0.958800
306400 0.959000
306500 0.956900
306600 0.956600
306700 0.959600
306800 0.960000
306900 0.958200
307000 0.959900
307100 0.959900
307200 0.959300
307300 0.959000
307400 0.959500
307500 0.958700
307600 0.960100
307700 0.957300
307800 0.957800
307900 0.956700
308000 0.956200
308100 0.957900
308200 0.957900
308300 0.958300
308400 0.958300
308500 0.957100
308600 0.957700
308700 0.958100
308800 0.959300
308900 0.959100
309000 0.960000
309100 0.959100
309200 0.960700
309300 0.960400
309400 0.961200
309500 0.960500
309600 0.960000
309700 0.958500
309800 0.958900
309900 0.958100
310000 0.957800
310100 0.958700
310200 0.958000
310300 0.958300
310400 0.957900
310500 0.957800
310600 0.957600
310700 0.959700
310800 0.959100
310900 0.957000
311000 0.957400
311100 0.958400
311200 0.958900
311300 0.958700
311400 0.959100
311500 0.959800
311600 0.959200
311700 0.957700
311800 0.958100
311900 0.959700
312000 0.958700
312100 0.958800
312200 0.959600
312300 0.958700
312400 0.959200
312500 0.958200
312600 0.957500
312700 0.958100
312800 0.957200
312900 0.957400
313000 0.958300
313100 0.958500
313200 0.958400
313300 0.958800
313400 0.958300
313500 0.957000
313600 0.956300
313700 0.955700
313800 0.958000
313900 0.959200
314000 0.956900
314100 0.958000
314200 0.958500
314300 0.958500
314400 0.958100
314500 0.957900
314600 0.959100
314700 0.958500
314800 0.959000
314900 0.959300
315000 0.955700
315100 0.958400
315200 0.957700
315300 0.957200
315400 0.958400
315500 0.958000
315600 0.958700
315700 0.957400
315800 0.957300
315900 0.957500
316000 0.958000
316100 0.958600
316200 0.958200
316300 0.957600
316400 0.958400
316500 0.957800
316600 0.958500
316700 0.958100
316800 0.958600
316900 0.959200
317000 0.958000
317100 0.957600
317200 0.959000
317300 0.958100
317400 0.957100
317500 0.957500
317600 0.958400
317700 0.957300
317800 0.958600
317900 0.957900
318000 0.957400
318100 0.957600
318200 0.956800
318300 0.956400
318400 0.956500
318500 0.957700
318600 0.957600
318700 0.958400
318800 0.957000
318900 0.958400
319000 0.958700
319100 0.957400
319200 0.958800
319300 0.958000
319400 0.958400
319500 0.957900
319600 0.958000
319700 0.957300
319800 0.958600
319900 0.959400
320000 0.957800
320100 0.959400
320200 0.957600
320300 0.959300
320400 0.958800
320500 0.959300
320600 0.959400
320700 0.959300
320800 0.958800
320900 0.958000
321000 0.959200
321100 0.958400
321200 0.959400
321300 0.959200
321400 0.959500
321500 0.957500
321600 0.958400
321700 0.959900
321800 0.959300
321900 0.958800
322000 0.958100
322100 0.957400
322200 0.956600
322300 0.956900
322400 0.956300
322500 0.956500
322600 0.957800
322700 0.957500
322800 0.959600
322900 0.959000
323000 0.957700
323100 0.958200
323200 0.957900
323300 0.957000
323400 0.957400
323500 0.958300
323600 0.959200
323700 0.957400
323800 0.959500
323900 0.958800
324000 0.959700
324100 0.959900
324200 0.960000
324300 0.961200
324400 0.961000
324500 0.959000
324600 0.958900
324700 0.960300
324800 0.959700
324900 0.959000
325000 0.959500
325100 0.959500
325200 0.958200
325300 0.959300
325400 0.959700
325500 0.959900
325600 0.960800
325700 0.960400
325800 0.959700
325900 0.958400
326000 0.958600
326100 0.959200
326200 0.960000
326300 0.958600
326400 0.958800
326500 0.958700
326600 0.958700
326700 0.958300
326800 0.958500
326900 0.959200
327000 0.958900
327100 0.958800
327200 0.959000
327300 0.959500
327400 0.960400
327500 0.959100
327600 0.958900
327700 0.959400
327800 0.959400
327900 0.959300
328000 0.959400
328100 0.958800
328200 0.958800
328300 0.959100
328400 0.958500
328500 0.959300
328600 0.957500
328700 0.959200
328800 0.957200
328900 0.958900
329000 0.957500
329100 0.955300
329200 0.958600
329300 0.958400
329400 0.957900
329500 0.960000
329600 0.959500
329700 0.959100
329800 0.959500
329900 0.959200
330000 0.960400
330100 0.958000
330200 0.957800
330300 0.959300
330400 0.958500
330500 0.957800
330600 0.957400
330700 0.957100
330800 0.957900
330900 0.958000
331000 0.959000
331100 0.958300
331200 0.959600
331300 0.958900
331400 0.958800
331500 0.958200
331600 0.958300
331700 0.959100
331800 0.959900
331900 0.959600
332000 0.958500
332100 0.958100
332200 0.960000
332300 0.959700
332400 0.959000
332500 0.958100
332600 0.959700
332700 0.959900
332800 0.957700
332900 0.959000
333000 0.958800
333100 0.958700
333200 0.959200
333300 0.958500
333400 0.958400
333500 0.959300
333600 0.959300
333700 0.958600
333800 0.959400
333900 0.959000
334000 0.958500
334100 0.958600
334200 0.958900
334300 0.958700
334400 0.957900
334500 0.959200
334600 0.958700
334700 0.957100
334800 0.957500
334900 0.958500
335000 0.959100
335100 0.957800
335200 0.957200
335300 0.957500
335400 0.958000
335500 0.959100
335600 0.959200
335700 0.958300
335800 0.957600
335900 0.959100
336000 0.960000
336100 0.958400
336200 0.957300
336300 0.957800
336400 0.959000
336500 0.959500
336600 0.957900
336700 0.959500
336800 0.959500
336900 0.958900
337000 0.959900
337100 0.960100
337200 0.958800
337300 0.960000
337400 0.959700
337500 0.959100
337600 0.959400
337700 0.960300
337800 0.959000
337900 0.960000
338000 0.958900
338100 0.959200
338200 0.960000
338300 0.960400
338400 0.959600
338500 0.958800
338600 0.958600
338700 0.959600
338800 0.959800
338900 0.960300
339000 0.958700
339100 0.959500
339200 0.959200
339300 0.960000
339400 0.958700
339500 0.959100
339600 0.958700
339700 0.957300
339800 0.959000
339900 0.958200
340000 0.957500
340100 0.957900
340200 0.957000
340300 0.958000
340400 0.958600
340500 0.958700
340600 0.958200
340700 0.959400
340800 0.957900
340900 0.958900
341000 0.959800
341100 0.959100
341200 0.960300
341300 0.958300
341400 0.958500
341500 0.959200
341600 0.958900
341700 0.959300
341800 0.958700
341900 0.958600
342000 0.960000
342100 0.959900
342200 0.958100
342300 0.959900
342400 0.958700
342500 0.958300
342600 0.959000
342700 0.958300
342800 0.959300
342900 0.958900
343000 0.958600
343100 0.958500
343200 0.959700
343300 0.958200
343400 0.959500
343500 0.958000
343600 0.958700
343700 0.960500
343800 0.959200
343900 0.959500
344000 0.958300
344100 0.959900
344200 0.957800
344300 0.958900
344400 0.958500
344500 0.958200
344600 0.959100
344700 0.958200
344800 0.958800
344900 0.958900
345000 0.958500
345100 0.958700
345200 0.959800
345300 0.958300
345400 0.957700
345500 0.957700
345600 0.956800
345700 0.957300
345800 0.957600
345900 0.959100
346000 0.959200
346100 0.956200
346200 0.958400
346300 0.958300
346400 0.959300
346500 0.960100
346600 0.959800
346700 0.959900
346800 0.959500
346900 0.958400
347000 0.958700
347100 0.959000
347200 0.958600
347300 0.959000
347400 0.960400
347500 0.960100
347600 0.959300
347700 0.957800
347800 0.959100
347900 0.958100
348000 0.959200
348100 0.959300
348200 0.959300
348300 0.959400
348400 0.958700
348500 0.958900
348600 0.958300
348700 0.959500
348800 0.958900
348900 0.958200
349000 0.958100
349100 0.959300
349200 0.958300
349300 0.957600
349400 0.958700
349500 0.957300
349600 0.958000
349700 0.958200
349800 0.959000
349900 0.959300
350000 0.958900
350100 0.959700
350200 0.958500
350300 0.958900
350400 0.958400
350500 0.957600
350600 0.958100
350700 0.958600
350800 0.957000
350900 0.956500
351000 0.958300
351100 0.957900
351200 0.956500
351300 0.959200
351400 0.958900
351500 0.959500
351600 0.958300
351700 0.959000
351800 0.958900
351900 0.959300
352000 0.959600
352100 0.958100
352200 0.958400
352300 0.959400
352400 0.959600
352500 0.959100
352600 0.958400
352700 0.956300
352800 0.958200
352900 0.956600
353000 0.958900
353100 0.959400
353200 0.958900
353300 0.959100
353400 0.959400
353500 0.959300
353600 0.958400
353700 0.960100
353800 0.959200
353900 0.958300
354000 0.957900
354100 0.957900
354200 0.958200
354300 0.957800
354400 0.958400
354500 0.959200
354600 0.959500
354700 0.958200
354800 0.958900
354900 0.959500
355000 0.959800
355100 0.958900
355200 0.958300
355300 0.959200
355400 0.959200
355500 0.958000
355600 0.957500
355700 0.959100
355800 0.959100
355900 0.957900
356000 0.958100
356100 0.957700
356200 0.958700
356300 0.957900
356400 0.957300
356500 0.957100
356600 0.956400
356700 0.956700
356800 0.956800
356900 0.958100
357000 0.957100
357100 0.957200
357200 0.956600
357300 0.958400
357400 0.958100
357500 0.957400
357600 0.957600
357700 0.958600
357800 0.957600
357900 0.957200
358000 0.958600
358100 0.958100
358200 0.958200
358300 0.959100
358400 0.957100
358500 0.957400
358600 0.957800
358700 0.957500
358800 0.957900
358900 0.958000
359000 0.958000
359100 0.958000
359200 0.958600
359300 0.959100
359400 0.958000
359500 0.958200
359600 0.958700
359700 0.959800
359800 0.959700
359900 0.959600
360000 0.959200
360100 0.960100
360200 0.959000
360300 0.959900
360400 0.959900
360500 0.959200
360600 0.958700
360700 0.959000
360800 0.958500
360900 0.959000
361000 0.958100
361100 0.958600
361200 0.959100
361300 0.959200
361400 0.959800
361500 0.958700
361600 0.958800
361700 0.958100
361800 0.958200
361900 0.958400
362000 0.957700
362100 0.958800
362200 0.959500
362300 0.960100
362400 0.961000
362500 0.958700
362600 0.959100
362700 0.959600
362800 0.959100
362900 0.958500
363000 0.957400
363100 0.958100
363200 0.958400
363300 0.959800
363400 0.959800
363500 0.959500
363600 0.959700
363700 0.961500
363800 0.958400
363900 0.958100
364000 0.960000
364100 0.959200
364200 0.959400
364300 0.960900
364400 0.959000
364500 0.959000
364600 0.958700
364700 0.958600
364800 0.959000
364900 0.959800
365000 0.959200
365100 0.959200
365200 0.957800
365300 0.958100
365400 0.959200
365500 0.958200
365600 0.958300
365700 0.958800
365800 0.958900
365900 0.958000
366000 0.959700
366100 0.959900
366200 0.960200
366300 0.958900
366400 0.958400
366500 0.960300
366600 0.958600
366700 0.959100
366800 0.958500
366900 0.957200
367000 0.958400
367100 0.959800
367200 0.959500
367300 0.958900
367400 0.961100
367500 0.960100
367600 0.960100
367700 0.959200
367800 0.958900
367900 0.958300
368000 0.957900
368100 0.958200
368200 0.958600
368300 0.958700
368400 0.958900
368500 0.959500
368600 0.959400
368700 0.959500
368800 0.957500
368900 0.958000
369000 0.960100
369100 0.956800
369200 0.958000
369300 0.959600
369400 0.959200
369500 0.959900
369600 0.960100
369700 0.959400
369800 0.958400
369900 0.957800
370000 0.959600
370100 0.959500
370200 0.958900
370300 0.959900
370400 0.960600
370500 0.959600
370600 0.960200
370700 0.959600
370800 0.959600
370900 0.960800
371000 0.961200
371100 0.961800
371200 0.957800
371300 0.958900
371400 0.957900
371500 0.958600
371600 0.959700
371700 0.959500
371800 0.960200
371900 0.958800
372000 0.959600
372100 0.958300
372200 0.959300
372300 0.958100
372400 0.957800
372500 0.959000
372600 0.957800
372700 0.957000
372800 0.959000
372900 0.959100
373000 0.959200
373100 0.959300
373200 0.958900
373300 0.960200
373400 0.958100
373500 0.958600
373600 0.958400
373700 0.959100
373800 0.958200
373900 0.959400
374000 0.958300
374100 0.958100
374200 0.958900
374300 0.957300
374400 0.956900
374500 0.958100
374600 0.959100
374700 0.959800
374800 0.958900
374900 0.959700
375000 0.958800
375100 0.959700
375200 0.959000
375300 0.958200
375400 0.958800
375500 0.958200
375600 0.959000
375700 0.958900
375800 0.958600
375900 0.958200
376000 0.957800
376100 0.958000
376200 0.958200
376300 0.958800
376400 0.958500
376500 0.959700
376600 0.958400
376700 0.958800
376800 0.959000
376900 0.960500
377000 0.959400
377100 0.958600
377200 0.960000
377300 0.959800
377400 0.960200
377500 0.960400
377600 0.960200
377700 0.961100
377800 0.959500
377900 0.960400
378000 0.960500
378100 0.958900
378200 0.959100
378300 0.960600
378400 0.960900
378500 0.959800
378600 0.959000
378700 0.959400
378800 0.959200
378900 0.957500
379000 0.960100
379100 0.959000
379200 0.957700
379300 0.958600
379400 0.959100
379500 0.958300
379600 0.959100
379700 0.959400
379800 0.959600
379900 0.958600
380000 0.959100
380100 0.958900
380200 0.959500
380300 0.959700
380400 0.959700
380500 0.958600
380600 0.961000
380700 0.958600
380800 0.959100
380900 0.958500
381000 0.957900
381100 0.959200
381200 0.959600
381300 0.958600
381400 0.957000
381500 0.959600
381600 0.957500
381700 0.958900
381800 0.957800
381900 0.960100
382000 0.959200
382100 0.959100
382200 0.960200
382300 0.959300
382400 0.960200
382500 0.959700
382600 0.959900
382700 0.960500
382800 0.959600
382900 0.958800
383000 0.958400
383100 0.959700
383200 0.958300
383300 0.958400
383400 0.958500
383500 0.959100
383600 0.958700
383700 0.959200
383800 0.959000
383900 0.959500
384000 0.958300
384100 0.959100
384200 0.959600
384300 0.959600
384400 0.960500
384500 0.960300
384600 0.959900
384700 0.959500
384800 0.960600
384900 0.958100
385000 0.959300
385100 0.957400
385200 0.958200
385300 0.958500
385400 0.958700
385500 0.959900
385600 0.958900
385700 0.958300
385800 0.958000
385900 0.958700
386000 0.958000
386100 0.958700
386200 0.960400
386300 0.958400
386400 0.958200
386500 0.958200
386600 0.958300
386700 0.959000
386800 0.958500
386900 0.956700
387000 0.957800
387100 0.957100
387200 0.957000
387300 0.956500
387400 0.956900
387500 0.959300
387600 0.958300
387700 0.958800
387800 0.959900
387900 0.958800
388000 0.959400
388100 0.957800
388200 0.959900
388300 0.960100
388400 0.958700
388500 0.958300
388600 0.957400
388700 0.959700
388800 0.957900
388900 0.958500
389000 0.958300
389100 0.958500
389200 0.957500
389300 0.958700
389400 0.958100
389500 0.956700
389600 0.958200
389700 0.958400
389800 0.958800
389900 0.958500
390000 0.958800
390100 0.959600
390200 0.958800
390300 0.957700
390400 0.957200
390500 0.958200
390600 0.958600
390700 0.958900
390800 0.959100
390900 0.958800
391000 0.958700
391100 0.958800
391200 0.958700
391300 0.959100
391400 0.957700
391500 0.957400
391600 0.957600
391700 0.958500
391800 0.959700
391900 0.959100
392000 0.958600
392100 0.958800
392200 0.957500
392300 0.957800
392400 0.958900
392500 0.960100
392600 0.958700
392700 0.958700
392800 0.959000
392900 0.958900
393000 0.959900
393100 0.958400
393200 0.959700
393300 0.959700
393400 0.958900
393500 0.957800
393600 0.959000
393700 0.960700
393800 0.959300
393900 0.959400
394000 0.959500
394100 0.958300
394200 0.958400
394300 0.958200
394400 0.958400
394500 0.958100
394600 0.958600
394700 0.959100
394800 0.959800
394900 0.960400
395000 0.959400
395100 0.958900
395200 0.960900
395300 0.958800
395400 0.959200
395500 0.958900
395600 0.959900
395700 0.959100
395800 0.959300
395900 0.958200
396000 0.957800
396100 0.959500
396200 0.959500
396300 0.960400
396400 0.960000
396500 0.959900
396600 0.959900
396700 0.959700
396800 0.960600
396900 0.959600
397000 0.959300
397100 0.959400
397200 0.959200
397300 0.960100
397400 0.960200
397500 0.960100
397600 0.959100
397700 0.959500
397800 0.958200
397900 0.957200
398000 0.959100
398100 0.959300
398200 0.959100
398300 0.959300
398400 0.959800
398500 0.958800
398600 0.958900
398700 0.960100
398800 0.958400
398900 0.956800
399000 0.959600
399100 0.960800
399200 0.959000
399300 0.958700
399400 0.959400
399500 0.959100
399600 0.959800
399700 0.959300
399800 0.958300
399900 0.958400
400000 0.959000
400100 0.957900
400200 0.958900
400300 0.957400
400400 0.958300
400500 0.957200
400600 0.959600
400700 0.958400
400800 0.958900
400900 0.957700
401000 0.958800
401100 0.958700
401200 0.958200
401300 0.958800
401400 0.958900
401500 0.959300
401600 0.959600
401700 0.958500
401800 0.959500
401900 0.959000
402000 0.959100
402100 0.958400
402200 0.958900
402300 0.957300
402400 0.959500
402500 0.958200
402600 0.958300
402700 0.958700
402800 0.959100
402900 0.957800
403000 0.959100
403100 0.959600
403200 0.959900
403300 0.958500
403400 0.959600
403500 0.958800
403600 0.959200
403700 0.959300
403800 0.959000
403900 0.958700
404000 0.957600
404100 0.957700
404200 0.958400
404300 0.957000
404400 0.957300
404500 0.957700
404600 0.958300
404700 0.958100
404800 0.958800
404900 0.958100
405000 0.958500
405100 0.959900
405200 0.957600
405300 0.957800
405400 0.958800
405500 0.959200
405600 0.958900
405700 0.958100
405800 0.957000
405900 0.959100
406000 0.959700
406100 0.959000
406200 0.959300
406300 0.959500
406400 0.959500
406500 0.959000
406600 0.959300
406700 0.958800
406800 0.957900
406900 0.959400
407000 0.958100
407100 0.957900
407200 0.959200
407300 0.959800
407400 0.958400
407500 0.957500
407600 0.958500
407700 0.958300
407800 0.959000
407900 0.959000
408000 0.957500
408100 0.958800
408200 0.959200
408300 0.960400
408400 0.957600
408500 0.957700
408600 0.958800
408700 0.958000
408800 0.957200
408900 0.959200
409000 0.960300
409100 0.957600
409200 0.958100
409300 0.959200
409400 0.959400
409500 0.958800
409600 0.959200
409700 0.957600
409800 0.958800
409900 0.958900
410000 0.959400
410100 0.958400
410200 0.958600
410300 0.960000
410400 0.958300
410500 0.958600
410600 0.959300
410700 0.959200
410800 0.958800
410900 0.959500
411000 0.958700
411100 0.959200
411200 0.959600
411300 0.957800
411400 0.959400
411500 0.959900
411600 0.959200
411700 0.958900
411800 0.958800
411900 0.958400
412000 0.958800
412100 0.958400
412200 0.958300
412300 0.959500
412400 0.958200
412500 0.958600
412600 0.957900
412700 0.959000
412800 0.958100
412900 0.958900
413000 0.956400
413100 0.957900
413200 0.959500
413300 0.958800
413400 0.958900
413500 0.958800
413600 0.959200
413700 0.957900
413800 0.956600
413900 0.958000
414000 0.957800
414100 0.958800
414200 0.958300
414300 0.959500
414400 0.958200
414500 0.960100
414600 0.958600
414700 0.959700
414800 0.958900
414900 0.958700
415000 0.958100
415100 0.957700
415200 0.956800
415300 0.958500
415400 0.958000
415500 0.958000
415600 0.958900
415700 0.959100
415800 0.957800
415900 0.957900
416000 0.959500
416100 0.958300
416200 0.959600
416300 0.959800
416400 0.959000
416500 0.958600
416600 0.958700
416700 0.959700
416800 0.959100
416900 0.959300
417000 0.957700
417100 0.958200
417200 0.959200
417300 0.958500
417400 0.958500
417500 0.958200
417600 0.958700
417700 0.958200
417800 0.958100
417900 0.958600
418000 0.959300
418100 0.958400
418200 0.958900
418300 0.958900
418400 0.959100
418500 0.959000
418600 0.959100
418700 0.958600
418800 0.958800
418900 0.957600
419000 0.958200
419100 0.958500
419200 0.958300
419300 0.958100
419400 0.958600
419500 0.958400
419600 0.957300
419700 0.958900
419800 0.958600
419900 0.959700
420000 0.957900
420100 0.959900
420200 0.960400
420300 0.958200
420400 0.957700
420500 0.958300
420600 0.959100
420700 0.958600
420800 0.959800
420900 0.958900
421000 0.959000
421100 0.959500
421200 0.959200
421300 0.958900
421400 0.958100
421500 0.958000
421600 0.958000
421700 0.958500
421800 0.960200
421900 0.959500
422000 0.958200
422100 0.957800
422200 0.959500
422300 0.959400
422400 0.958800
422500 0.959700
422600 0.959600
422700 0.960300
422800 0.959100
422900 0.959300
423000 0.959400
423100 0.958700
423200 0.958900
423300 0.959400
423400 0.959500
423500 0.959500
423600 0.959000
423700 0.959600
423800 0.959300
423900 0.958800
424000 0.959000
424100 0.959300
424200 0.959200
424300 0.958900
424400 0.957800
424500 0.959200
424600 0.959200
424700 0.958100
424800 0.960300
424900 0.958700
425000 0.959400
425100 0.959600
425200 0.959100
425300 0.959100
425400 0.959700
425500 0.960800
425600 0.960300
425700 0.961100
425800 0.959000
425900 0.958900
426000 0.960200
426100 0.959100
426200 0.960800
426300 0.959600
426400 0.959900
426500 0.961500
426600 0.961100
426700 0.960100
426800 0.959000
426900 0.959400
427000 0.957300
427100 0.959400
427200 0.959200
427300 0.959300
427400 0.959800
427500 0.959000
427600 0.960400
427700 0.960000
427800 0.958800
427900 0.959100
428000 0.957500
428100 0.959100
428200 0.958400
428300 0.959400
428400 0.958600
428500 0.957600
428600 0.958100
428700 0.958800
428800 0.959000
428900 0.960600
429000 0.959000
429100 0.959600
429200 0.958500
429300 0.959000
429400 0.958700
429500 0.957600
429600 0.957900
429700 0.957600
429800 0.958700
429900 0.959100
430000 0.957900
430100 0.958700
430200 0.959000
430300 0.958900
430400 0.958900
430500 0.958700
430600 0.959100
430700 0.958000
430800 0.959600
430900 0.957700
431000 0.958000
431100 0.958400
431200 0.959000
431300 0.958000
431400 0.958700
431500 0.958300
431600 0.959500
431700 0.957100
431800 0.958000
431900 0.958200
432000 0.957600
432100 0.958700
432200 0.958700
432300 0.959800
432400 0.957400
432500 0.957100
432600 0.956600
432700 0.957600
432800 0.958600
432900 0.957000
433000 0.957600
433100 0.957700
433200 0.957500
433300 0.959300
433400 0.957800
433500 0.957100
433600 0.957800
433700 0.958800
433800 0.958200
433900 0.958200
434000 0.958200
434100 0.958200
434200 0.957800
434300 0.957600
434400 0.958100
434500 0.956200
434600 0.956700
434700 0.956100
434800 0.957800
434900 0.958800
435000 0.958300
435100 0.956400
435200 0.957800
435300 0.959500
435400 0.959600
435500 0.957600
435600 0.957400
435700 0.958000
435800 0.957700
435900 0.957500
436000 0.956900
436100 0.957200
436200 0.957000
436300 0.957100
436400 0.956700
436500 0.957300
436600 0.958900
436700 0.957600
436800 0.957300
436900 0.956300
437000 0.956100
437100 0.956900
437200 0.957800
437300 0.957800
437400 0.959500
437500 0.957700
437600 0.959400
437700 0.959000
437800 0.958400
437900 0.958100
438000 0.959600
438100 0.959100
438200 0.959200
438300 0.959900
438400 0.959800
438500 0.959100
438600 0.959000
438700 0.957100
438800 0.958900
438900 0.959100
439000 0.959300
439100 0.958200
439200 0.958100
439300 0.957900
439400 0.958700
439500 0.959600
439600 0.958500
439700 0.958400
439800 0.958900
439900 0.958600
440000 0.957500
440100 0.958300
440200 0.957400
440300 0.958200
440400 0.959300
440500 0.958500
440600 0.958600
440700 0.959500
440800 0.959300
440900 0.959600
441000 0.958700
441100 0.959100
441200 0.958900
441300 0.959000
441400 0.957800
441500 0.958600
441600 0.960000
441700 0.958900
441800 0.960100
441900 0.959200
442000 0.957600
442100 0.957700
442200 0.959500
442300 0.958600
442400 0.958400
442500 0.957500
442600 0.958800
442700 0.957400
442800 0.958500
442900 0.958800
443000 0.958700
443100 0.960100
443200 0.958600
443300 0.958600
443400 0.958700
443500 0.959400
443600 0.958500
443700 0.958700
443800 0.958500
443900 0.959000
444000 0.959100
444100 0.959600
444200 0.958800
444300 0.957700
444400 0.957200
444500 0.957400
444600 0.957800
444700 0.959000
444800 0.958400
444900 0.960200
445000 0.959200
445100 0.959100
445200 0.958200
445300 0.956800
445400 0.958600
445500 0.959100
445600 0.957600
445700 0.956600
445800 0.957800
445900 0.958200
446000 0.958900
446100 0.958800
446200 0.957300
446300 0.959800
446400 0.959400
446500 0.959900
446600 0.959100
446700 0.958600
446800 0.958800
446900 0.959800
447000 0.958200
447100 0.958700
447200 0.960000
447300 0.959400
447400 0.958300
447500 0.956900
447600 0.959200
447700 0.958300
447800 0.958500
447900 0.959600
448000 0.957900
448100 0.960000
448200 0.958700
448300 0.958800
448400 0.959600
448500 0.960400
448600 0.959700
448700 0.959700
448800 0.959800
448900 0.958100
449000 0.958400
449100 0.958900
449200 0.959100
449300 0.960700
449400 0.960900
449500 0.959300
449600 0.959400
449700 0.960300
449800 0.959400
449900 0.959400
450000 0.959200
450100 0.958800
450200 0.959300
450300 0.958900
450400 0.960200
450500 0.959400
450600 0.958400
450700 0.959400
450800 0.960100
450900 0.958800
451000 0.960000
451100 0.960800
451200 0.959200
451300 0.960300
451400 0.959400
451500 0.960000
451600 0.959000
451700 0.959600
451800 0.958300
451900 0.959000
452000 0.959000
452100 0.959700
452200 0.958200
452300 0.958700
452400 0.959500
452500 0.960500
452600 0.959100
452700 0.960500
452800 0.960500
452900 0.959100
453000 0.959400
453100 0.958800
453200 0.958000
453300 0.959400
453400 0.958000
453500 0.959500
453600 0.959800
453700 0.960000
453800 0.959500
453900 0.959400
454000 0.959900
454100 0.958400
454200 0.959800
454300 0.959000
454400 0.959500
454500 0.959600
454600 0.959100
454700 0.958300
454800 0.958100
454900 0.961500
455000 0.959600
455100 0.959000
455200 0.959500
455300 0.959500
455400 0.959600
455500 0.957400
455600 0.959700
455700 0.959100
455800 0.959500
455900 0.958900
456000 0.958400
456100 0.960000
456200 0.960500
456300 0.959000
456400 0.959600
456500 0.959100
456600 0.958200
456700 0.959000
456800 0.959400
456900 0.960600
457000 0.958300
457100 0.958500
457200 0.957700
457300 0.958400
457400 0.959200
457500 0.960300
457600 0.959900
457700 0.958900
457800 0.958700
457900 0.958700
458000 0.960000
458100 0.959700
458200 0.959200
458300 0.959700
458400 0.958600
458500 0.957500
458600 0.958600
458700 0.958600
458800 0.958800
458900 0.959500
459000 0.960100
459100 0.960700
459200 0.960500
459300 0.961600
459400 0.961400
459500 0.960800
459600 0.959900
459700 0.959300
459800 0.959300
459900 0.959900
460000 0.958500
460100 0.960500
460200 0.959400
460300 0.960000
460400 0.959800
460500 0.960000
460600 0.960000
460700 0.961400
460800 0.960000
460900 0.959900
461000 0.959700
461100 0.959100
461200 0.959100
461300 0.959300
461400 0.959100
461500 0.959400
461600 0.960600
461700 0.959700
461800 0.958200
461900 0.959600
462000 0.960100
462100 0.959900
462200 0.958900
462300 0.959700
462400 0.960000
462500 0.961000
462600 0.959900
462700 0.959700
462800 0.959100
462900 0.960000
463000 0.959800
463100 0.959100
463200 0.959100
463300 0.959000
463400 0.957800
463500 0.958900
463600 0.959200
463700 0.957800
463800 0.959100
463900 0.958500
464000 0.957600
464100 0.960200
464200 0.959900
464300 0.960000
464400 0.959700
464500 0.958600
464600 0.958200
464700 0.958800
464800 0.959900
464900 0.959400
465000 0.959000
465100 0.958900
465200 0.959400
465300 0.960900
465400 0.961200
465500 0.960900
465600 0.959400
465700 0.960200
465800 0.960400
465900 0.960000
466000 0.958800
466100 0.960000
466200 0.957900
466300 0.957900
466400 0.958900
466500 0.958000
466600 0.958700
466700 0.959200
466800 0.959700
466900 0.959000
467000 0.957300
467100 0.958600
467200 0.958200
467300 0.959600
467400 0.959500
467500 0.958800
467600 0.960100
467700 0.960000
467800 0.958000
467900 0.956900
468000 0.959700
468100 0.958900
468200 0.959500
468300 0.958600
468400 0.959200
468500 0.958300
468600 0.959200
468700 0.958000
468800 0.959200
468900 0.958300
469000 0.957400
469100 0.958200
469200 0.960100
469300 0.959700
469400 0.958400
469500 0.958400
469600 0.959700
469700 0.959800
469800 0.957800
469900 0.958800
470000 0.958100
470100 0.956900
470200 0.957500
470300 0.957700
470400 0.956900
470500 0.957900
470600 0.959600
470700 0.958700
470800 0.958400
470900 0.960300
471000 0.959000
471100 0.958900
471200 0.958200
471300 0.958200
471400 0.958700
471500 0.958000
471600 0.958700
471700 0.955500
471800 0.956400
471900 0.957900
472000 0.959100
472100 0.958200
472200 0.959100
472300 0.960200
472400 0.959600
472500 0.959600
472600 0.959900
472700 0.958400
472800 0.958600
472900 0.958600
473000 0.959300
473100 0.959900
473200 0.960900
473300 0.959100
473400 0.959600
473500 0.960200
473600 0.960000
473700 0.960200
473800 0.960100
473900 0.960300
474000 0.958100
474100 0.959100
474200 0.957800
474300 0.960400
474400 0.960700
474500 0.960600
474600 0.960700
474700 0.960000
474800 0.958800
474900 0.960000
475000 0.958200
475100 0.959000
475200 0.960500
475300 0.960400
475400 0.959300
475500 0.958600
475600 0.958800
475700 0.958300
475800 0.959000
475900 0.959100
476000 0.957300
476100 0.958800
476200 0.959900
476300 0.959600
476400 0.960600
476500 0.959000
476600 0.958400
476700 0.959500
476800 0.959600
476900 0.959100
477000 0.959200
477100 0.958600
477200 0.958900
477300 0.957300
477400 0.959100
477500 0.960400
477600 0.958900
477700 0.958200
477800 0.959900
477900 0.958200
478000 0.959100
478100 0.959900
478200 0.959200
478300 0.959700
478400 0.960200
478500 0.958700
478600 0.958400
478700 0.959100
478800 0.959200
478900 0.959400
479000 0.959700
479100 0.959000
479200 0.959000
479300 0.958300
479400 0.959400
479500 0.959000
479600 0.958800
479700 0.958600
479800 0.957000
479900 0.958400
480000 0.958600
480100 0.958700
480200 0.958900
480300 0.958500
480400 0.957000
480500 0.959200
480600 0.959000
480700 0.958400
480800 0.957800
480900 0.957600
481000 0.958300
481100 0.958800
481200 0.958900
481300 0.957300
481400 0.957000
481500 0.957900
481600 0.957600
481700 0.958600
481800 0.958500
481900 0.959400
482000 0.958400
482100 0.958500
482200 0.958900
482300 0.958400
482400 0.958300
482500 0.958000
482600 0.959100
482700 0.959000
482800 0.958000
482900 0.957200
483000 0.958400
483100 0.956500
483200 0.957100
483300 0.958900
483400 0.958100
483500 0.958800
483600 0.958800
483700 0.957800
483800 0.958600
483900 0.958900
484000 0.958300
484100 0.958800
484200 0.958100
484300 0.958300
484400 0.956700
484500 0.957800
484600 0.957200
484700 0.956400
484800 0.958600
484900 0.957600
485000 0.958600
485100 0.958500
485200 0.958600
485300 0.959400
485400 0.959500
485500 0.958800
485600 0.959200
485700 0.957800
485800 0.959200
485900 0.959900
486000 0.958500
486100 0.958400
486200 0.956600
486300 0.959200
486400 0.959900
486500 0.959700
486600 0.958400
486700 0.958100
486800 0.959200
486900 0.957200
487000 0.957600
487100 0.956600
487200 0.959000
487300 0.958000
487400 0.956100
487500 0.957100
487600 0.957400
487700 0.959000
487800 0.958700
487900 0.958800
488000 0.957800
488100 0.959100
488200 0.956900
488300 0.958700
488400 0.958500
488500 0.957600
488600 0.957700
488700 0.958900
488800 0.958300
488900 0.958100
489000 0.958500
489100 0.958200
489200 0.958900
489300 0.959400
489400 0.961200
489500 0.959000
489600 0.959200
489700 0.960300
489800 0.959100
489900 0.958000
490000 0.958700
490100 0.958500
490200 0.958100
490300 0.956900
490400 0.957400
490500 0.958900
490600 0.958500
490700 0.956300
490800 0.956500
490900 0.959900
491000 0.959900
491100 0.958800
491200 0.959400
491300 0.958000
491400 0.957300
491500 0.957300
491600 0.958300
491700 0.957800
491800 0.958600
491900 0.957600
492000 0.958600
492100 0.958200
492200 0.959300
492300 0.959800
492400 0.959300
492500 0.959100
492600 0.959200
492700 0.959700
492800 0.958500
492900 0.959400
493000 0.958300
493100 0.959000
493200 0.959100
493300 0.958300
493400 0.958500
493500 0.958800
493600 0.958100
493700 0.959000
493800 0.959300
493900 0.959000
494000 0.957500
494100 0.958700
494200 0.959400
494300 0.959400
494400 0.959600
494500 0.959100
494600 0.958000
494700 0.958400
494800 0.959000
494900 0.959000
495000 0.957900
495100 0.957900
495200 0.958500
495300 0.959900
495400 0.960100
495500 0.958700
495600 0.958600
495700 0.958900
495800 0.958600
495900 0.958800
496000 0.957800
496100 0.957800
496200 0.959600
496300 0.959000
496400 0.959000
496500 0.959000
496600 0.955900
496700 0.958400
496800 0.960500
496900 0.957800
497000 0.960100
497100 0.959300
497200 0.958400
497300 0.959000
497400 0.958300
497500 0.958700
497600 0.956700
497700 0.958200
497800 0.958200
497900 0.958100
498000 0.956100
498100 0.957800
498200 0.957500
498300 0.958500
498400 0.958100
498500 0.957800
498600 0.958600
498700 0.959000
498800 0.959900
498900 0.959900
499000 0.959300
499100 0.958500
499200 0.959200
499300 0.959400
499400 0.959500
499500 0.959000
499600 0.959300
499700 0.958100
499800 0.959100
499900 0.957700
500000 0.958500
500100 0.959000
500200 0.958800
500300 0.958400
500400 0.957900
500500 0.958800
500600 0.959000
500700 0.959700
500800 0.960200
500900 0.958800
501000 0.958800
501100 0.959000
501200 0.959400
501300 0.958700
501400 0.958900
501500 0.958900
501600 0.959300
501700 0.959400
501800 0.959400
501900 0.960000
502000 0.958000
502100 0.958800
502200 0.957700
502300 0.957800
502400 0.958300
502500 0.959500
502600 0.960200
502700 0.959900
502800 0.959400
502900 0.959100
503000 0.958200
503100 0.959600
503200 0.959200
503300 0.958500
503400 0.958100
503500 0.958300
503600 0.959300
503700 0.958300
503800 0.959400
503900 0.959300
504000 0.958500
504100 0.959000
504200 0.958600
504300 0.958200
504400 0.960100
504500 0.958300
504600 0.958700
504700 0.958200
504800 0.956000
504900 0.959300
505000 0.958100
505100 0.959300
505200 0.959200
505300 0.959800
505400 0.959500
505500 0.959300
505600 0.957400
505700 0.958800
505800 0.960100
505900 0.958400
506000 0.957500
506100 0.957900
506200 0.958000
506300 0.958300
506400 0.958600
506500 0.958500
506600 0.958800
506700 0.958400
506800 0.959000
506900 0.959400
507000 0.958400
507100 0.959200
507200 0.959900
507300 0.958300
507400 0.959300
507500 0.958800
507600 0.959200
507700 0.958600
507800 0.957500
507900 0.958200
508000 0.958700
508100 0.957700
508200 0.957700
508300 0.957700
508400 0.959100
508500 0.958800
508600 0.957300
508700 0.958100
508800 0.958900
508900 0.958100
509000 0.958900
509100 0.960000
509200 0.960100
509300 0.957500
509400 0.960000
509500 0.959000
509600 0.958300
509700 0.958600
509800 0.957600
509900 0.959200
510000 0.958700
510100 0.959300
510200 0.957600
510300 0.959800
510400 0.960400
510500 0.961100
510600 0.960600
510700 0.959000
510800 0.960100
510900 0.958400
511000 0.958200
511100 0.959800
511200 0.959100
511300 0.958200
511400 0.958800
511500 0.959100
511600 0.959300
511700 0.959100
511800 0.959500
511900 0.960300
512000 0.959800
512100 0.959200
512200 0.959100
512300 0.958900
512400 0.959300
512500 0.958600
512600 0.958700
512700 0.959200
512800 0.958600
512900 0.959100
513000 0.959500
513100 0.958000
513200 0.958900
513300 0.959100
513400 0.959400
513500 0.958800
513600 0.958000
513700 0.958100
513800 0.959000
513900 0.959300
514000 0.958900
514100 0.959100
514200 0.959500
514300 0.958000
514400 0.959300
514500 0.960200
514600 0.960500
514700 0.959200
514800 0.959600
514900 0.959700
515000 0.959000
515100 0.958500
515200 0.959100
515300 0.959200
515400 0.957400
515500 0.958300
515600 0.959100
515700 0.958400
515800 0.958200
515900 0.958600
516000 0.957800
516100 0.957800
516200 0.958300
516300 0.957800
516400 0.959300
516500 0.958400
516600 0.958600
516700 0.958300
516800 0.959300
516900 0.957800
517000 0.958800
517100 0.958200
517200 0.958200
517300 0.959100
517400 0.957400
517500 0.957900
517600 0.959100
517700 0.959300
517800 0.958500
517900 0.959100
518000 0.958000
518100 0.957900
518200 0.959100
518300 0.957900
518400 0.958200
518500 0.959500
518600 0.958100
518700 0.958800
518800 0.959400
518900 0.959300
519000 0.959200
519100 0.959100
519200 0.958300
519300 0.958500
519400 0.957800
519500 0.957700
519600 0.958400
519700 0.958100
519800 0.959100
519900 0.957800
520000 0.958600
520100 0.958300
520200 0.958500
520300 0.958300
520400 0.958900
520500 0.959100
520600 0.958700
520700 0.958100
520800 0.959500
520900 0.958800
521000 0.958400
521100 0.957700
521200 0.957100
521300 0.957700
521400 0.957400
521500 0.957900
521600 0.958500
521700 0.957400
521800 0.957300
521900 0.958800
522000 0.957700
522100 0.957400
522200 0.957300
522300 0.958800
522400 0.959400
522500 0.958900
522600 0.959100
522700 0.960000
522800 0.958700
522900 0.959800
523000 0.959800
523100 0.959000
523200 0.959200
523300 0.958200
523400 0.958200
523500 0.958000
523600 0.959100
523700 0.957400
523800 0.958100
523900 0.958600
524000 0.958300
524100 0.958200
524200 0.958600
524300 0.960700
524400 0.959700
524500 0.959300
524600 0.956600
524700 0.958300
524800 0.957400
524900 0.957500
525000 0.957600
525100 0.958100
525200 0.958800
525300 0.958400
525400 0.958700
525500 0.958600
525600 0.957900
525700 0.958400
525800 0.959700
525900 0.959000
526000 0.959500
526100 0.959300
526200 0.956900
526300 0.956900
526400 0.958300
526500 0.959000
526600 0.958300
526700 0.959000
526800 0.958900
526900 0.960300
527000 0.959600
527100 0.958700
527200 0.958900
527300 0.959100
527400 0.958600
527500 0.958900
527600 0.957000
527700 0.959200
527800 0.959900
527900 0.959000
528000 0.957500
528100 0.959100
528200 0.959700
528300 0.960100
528400 0.959800
528500 0.960100
528600 0.959400
528700 0.958400
528800 0.959100
528900 0.958400
529000 0.959800
529100 0.960000
529200 0.959800
529300 0.959700
529400 0.959700
529500 0.959000
529600 0.959100
529700 0.960400
529800 0.960200
529900 0.958300
530000 0.958600
530100 0.957500
530200 0.959200
530300 0.959300
530400 0.959500
530500 0.958700
530600 0.959200
530700 0.959400
530800 0.957700
530900 0.958100
531000 0.959000
531100 0.958700
531200 0.957700
531300 0.958700
531400 0.957900
531500 0.958500
531600 0.958300
531700 0.958000
531800 0.957700
531900 0.958400
532000 0.956800
532100 0.959300
532200 0.959300
532300 0.958700
532400 0.957200
532500 0.957600
532600 0.958400
532700 0.957900
532800 0.958400
532900 0.958800
533000 0.958600
533100 0.958200
533200 0.959600
533300 0.959400
533400 0.958100
533500 0.958700
533600 0.958400
533700 0.958900
533800 0.959200
533900 0.957300
534000 0.958100
534100 0.957000
534200 0.957300
534300 0.959000
534400 0.958400
534500 0.958300
534600 0.958200
534700 0.958000
534800 0.957600
534900 0.958400
535000 0.959400
535100 0.958800
535200 0.958800
535300 0.958700
535400 0.958200
535500 0.958700
535600 0.958800
535700 0.959300
535800 0.958600
535900 0.957100
536000 0.959400
536100 0.958700
536200 0.959000
536300 0.958500
536400 0.958600
536500 0.959700
536600 0.958700
536700 0.959600
536800 0.960100
536900 0.958300
537000 0.959200
537100 0.960400
537200 0.959200
537300 0.958500
537400 0.957000
537500 0.959100
537600 0.958300
537700 0.959500
537800 0.959800
537900 0.958200
538000 0.958100
538100 0.958800
538200 0.957900
538300 0.958500
538400 0.958400
538500 0.958700
538600 0.958600
538700 0.957400
538800 0.957500
538900 0.958400
539000 0.959000
539100 0.958600
539200 0.959200
539300 0.957500
539400 0.958500
539500 0.958700
539600 0.957000
539700 0.958100
539800 0.958200
539900 0.958000
540000 0.958100
540100 0.958400
540200 0.959200
540300 0.958300
540400 0.957800
540500 0.958800
540600 0.959000
540700 0.957800
540800 0.958600
540900 0.959100
541000 0.957900
541100 0.958600
541200 0.958300
541300 0.958700
541400 0.957700
541500 0.959000
541600 0.958800
541700 0.958100
541800 0.958800
541900 0.958900
542000 0.958400
542100 0.957700
542200 0.958900
542300 0.958200
542400 0.957900
542500 0.958300
542600 0.958600
542700 0.958300
542800 0.958800
542900 0.958500
543000 0.957800
543100 0.958400
543200 0.958300
543300 0.958500
543400 0.958600
543500 0.957500
543600 0.958400
543700 0.957900
543800 0.957100
543900 0.959000
544000 0.958400
544100 0.958200
544200 0.958800
544300 0.957000
544400 0.958800
544500 0.958700
544600 0.958500
544700 0.958300
544800 0.958200
544900 0.958100
545000 0.958600
545100 0.957300
545200 0.957300
545300 0.957300
545400 0.959300
545500 0.957700
545600 0.957400
545700 0.958100
545800 0.958000
545900 0.956800
546000 0.956900
546100 0.958300
546200 0.957900
546300 0.959100
546400 0.958600
546500 0.958100
546600 0.958100
546700 0.958400
546800 0.958800
546900 0.958900
547000 0.960000
547100 0.959100
547200 0.957600
547300 0.959200
547400 0.958800
547500 0.958700
547600 0.958900
547700 0.959900
547800 0.959600
547900 0.958500
548000 0.958700
548100 0.959300
548200 0.958100
548300 0.959500
548400 0.958500
548500 0.956900
548600 0.957900
548700 0.957600
548800 0.958100
548900 0.956900
549000 0.958500
549100 0.957900
549200 0.959800
549300 0.959400
549400 0.958800
549500 0.959200
549600 0.960500
549700 0.959000
549800 0.959300
549900 0.959700
550000 0.959400
550100 0.958800
550200 0.959600
550300 0.958400
550400 0.958600
550500 0.959300
550600 0.959900
550700 0.960300
550800 0.959700
550900 0.959600
551000 0.961300
551100 0.960600
551200 0.960000
551300 0.960700
551400 0.959900
551500 0.959200
551600 0.958900
551700 0.959300
551800 0.957900
551900 0.957600
552000 0.957900
552100 0.956500
552200 0.957400
552300 0.958500
552400 0.958400
552500 0.958700
552600 0.957800
552700 0.959200
552800 0.957800
552900 0.959800
553000 0.957600
553100 0.958800
553200 0.958900
553300 0.957400
553400 0.958200
553500 0.958600
553600 0.958500
553700 0.958500
553800 0.958000
553900 0.957800
554000 0.957900
554100 0.958400
554200 0.958400
554300 0.958800
554400 0.957500
554500 0.959200
554600 0.959500
554700 0.957800
554800 0.959900
554900 0.957800
555000 0.958800
555100 0.958900
555200 0.956900
555300 0.958300
555400 0.958500
555500 0.958900
555600 0.959600
555700 0.958900
555800 0.957900
555900 0.957600
556000 0.958800
556100 0.958400
556200 0.958200
556300 0.958700
556400 0.958200
556500 0.957400
556600 0.956600
556700 0.956600
556800 0.957200
556900 0.958300
557000 0.958800
557100 0.959200
557200 0.959100
557300 0.957000
557400 0.958000
557500 0.959700
557600 0.957800
557700 0.957500
557800 0.957100
557900 0.957700
558000 0.958500
558100 0.958400
558200 0.958200
558300 0.959500
558400 0.957900
558500 0.958100
558600 0.959000
558700 0.958900
558800 0.958900
558900 0.959700
559000 0.958600
559100 0.958900
559200 0.957700
559300 0.958500
559400 0.957900
559500 0.958700
559600 0.957700
559700 0.958900
559800 0.959000
559900 0.958800
560000 0.959200
560100 0.958000
560200 0.958100
560300 0.958500
560400 0.958500
560500 0.959200
560600 0.957900
560700 0.959700
560800 0.959400
560900 0.959000
561000 0.958000
561100 0.958400
561200 0.959000
561300 0.958000
561400 0.959200
561500 0.956900
561600 0.958600
561700 0.958200
561800 0.957800
561900 0.959000
562000 0.959900
562100 0.959300
562200 0.958500
562300 0.957900
562400 0.958900
562500 0.957900
562600 0.959300
562700 0.959400
562800 0.960100
562900 0.959700
563000 0.958200
563100 0.959100
563200 0.959800
563300 0.958700
563400 0.957600
563500 0.959700
563600 0.958500
563700 0.957200
563800 0.958900
563900 0.958900
564000 0.958800
564100 0.959600
564200 0.959600
564300 0.960000
564400 0.959100
564500 0.959100
564600 0.959600
564700 0.959800
564800 0.959500
564900 0.958800
565000 0.958100
565100 0.958200
565200 0.958300
565300 0.959500
565400 0.959300
565500 0.959000
565600 0.958200
565700 0.960700
565800 0.960300
565900 0.958900
566000 0.958700
566100 0.958700
566200 0.959200
566300 0.958800
566400 0.958600
566500 0.958900
566600 0.959200
566700 0.958900
566800 0.959400
566900 0.959400
567000 0.959100
567100 0.960200
567200 0.960300
567300 0.960600
567400 0.960500
567500 0.960200
567600 0.960500
567700 0.959900
567800 0.959900
567900 0.959500
568000 0.959300
568100 0.960200
568200 0.960300
568300 0.961800
568400 0.958800
568500 0.958900
568600 0.959300
568700 0.959200
568800 0.960700
568900 0.960200
569000 0.961300
569100 0.959800
569200 0.960800
569300 0.961000
569400 0.959300
569500 0.960100
569600 0.959900
569700 0.959700
569800 0.958700
569900 0.959100
570000 0.959500
570100 0.959800
570200 0.958900
570300 0.959000
570400 0.957800
570500 0.958300
570600 0.960200
570700 0.960100
570800 0.959900
570900 0.960500
571000 0.959200
571100 0.960000
571200 0.958700
571300 0.957400
571400 0.958800
571500 0.959400
571600 0.959500
571700 0.959200
571800 0.959900
571900 0.960200
572000 0.961400
572100 0.959800
572200 0.960000
572300 0.959400
572400 0.959200
572500 0.958800
572600 0.959500
572700 0.958900
572800 0.960300
572900 0.959400
573000 0.958800
573100 0.959900
573200 0.958800
573300 0.958700
573400 0.957900
573500 0.957300
573600 0.958200
573700 0.958200
573800 0.958300
573900 0.958000
574000 0.958200
574100 0.959500
574200 0.959600
574300 0.958900
574400 0.959000
574500 0.958800
574600 0.959300
574700 0.959000
574800 0.959700
574900 0.959100
575000 0.957900
575100 0.959500
575200 0.959200
575300 0.958000
575400 0.957800
575500 0.956400
575600 0.957500
575700 0.957700
575800 0.958100
575900 0.958300
576000 0.957400
576100 0.958100
576200 0.957500
576300 0.957900
576400 0.958100
576500 0.958200
576600 0.959200
576700 0.958600
576800 0.959000
576900 0.959200
577000 0.958300
577100 0.958800
577200 0.959700
577300 0.959200
577400 0.957300
577500 0.959300
577600 0.958600
577700 0.957700
577800 0.958300
577900 0.958800
578000 0.958900
578100 0.959300
578200 0.958600
578300 0.958500
578400 0.958100
578500 0.958500
578600 0.958300
578700 0.959400
578800 0.959800
578900 0.959200
579000 0.959400
579100 0.959000
579200 0.959500
579300 0.957900
579400 0.959300
579500 0.959300
579600 0.958600
579700 0.959700
579800 0.958400
579900 0.958900
580000 0.958500
580100 0.959200
580200 0.959800
580300 0.959700
580400 0.957500
580500 0.958500
580600 0.958500
580700 0.958800
580800 0.959600
580900 0.960400
581000 0.959700
581100 0.960100
581200 0.959500
581300 0.958800
581400 0.959200
581500 0.960800
581600 0.959900
581700 0.958600
581800 0.957800
581900 0.959400
582000 0.959900
582100 0.959400
582200 0.959900
582300 0.960200
582400 0.959000
582500 0.959000
582600 0.958400
582700 0.958500
582800 0.957100
582900 0.958900
583000 0.958800
583100 0.959000
583200 0.958400
583300 0.959500
583400 0.959600
583500 0.959000
583600 0.959300
583700 0.960500
583800 0.957200
583900 0.957800
584000 0.958400
584100 0.958600
584200 0.958900
584300 0.959800
584400 0.957500
584500 0.959200
584600 0.958100
584700 0.958800
584800 0.960000
584900 0.960500
585000 0.958500
585100 0.958900
585200 0.958100
585300 0.958100
585400 0.959000
585500 0.955900
585600 0.958700
585700 0.957900
585800 0.958600
585900 0.958400
586000 0.959100
586100 0.958700
586200 0.958300
586300 0.958300
586400 0.959300
586500 0.959900
586600 0.959100
586700 0.960100
586800 0.959300
586900 0.958100
587000 0.959100
587100 0.959500
587200 0.959100
587300 0.959300
587400 0.959300
587500 0.958800
587600 0.959000
587700 0.958400
587800 0.958600
587900 0.959600
588000 0.959500
588100 0.959200
588200 0.958500
588300 0.959700
588400 0.959100
588500 0.958500
588600 0.958400
588700 0.959700
588800 0.959500
588900 0.959900
589000 0.958900
589100 0.958700
589200 0.958400
589300 0.958000
589400 0.959100
589500 0.959400
589600 0.958600
589700 0.960200
589800 0.959800
589900 0.959600
590000 0.957700
590100 0.958600
590200 0.958400
590300 0.958100
590400 0.958800
590500 0.959400
590600 0.958800
590700 0.958300
590800 0.957300
590900 0.957600
591000 0.959200
591100 0.959800
591200 0.959000
591300 0.959300
591400 0.958500
591500 0.959900
591600 0.958600
591700 0.959000
591800 0.959500
591900 0.958800
592000 0.958100
592100 0.959200
592200 0.957200
592300 0.958600
592400 0.958200
592500 0.957100
592600 0.956900
592700 0.958700
592800 0.959800
592900 0.958100
593000 0.958500
593100 0.958400
593200 0.958500
593300 0.960600
593400 0.959600
593500 0.959000
593600 0.958900
593700 0.959300
593800 0.958500
593900 0.958800
594000 0.958900
594100 0.959100
594200 0.959000
594300 0.958100
594400 0.959000
594500 0.959200
594600 0.958400
594700 0.959700
594800 0.959400
594900 0.960400
595000 0.959300
595100 0.958700
595200 0.959100
595300 0.959400
595400 0.958200
595500 0.957500
595600 0.957200
595700 0.958900
595800 0.957500
595900 0.958000
596000 0.957900
596100 0.958800
596200 0.958400
596300 0.958800
596400 0.958100
596500 0.959800
596600 0.959100
596700 0.959600
596800 0.959200
596900 0.958500
597000 0.959200
597100 0.958200
597200 0.957500
597300 0.959400
597400 0.958800
597500 0.959600
597600 0.958300
597700 0.959400
597800 0.958500
597900 0.958700
598000 0.958700
598100 0.957600
598200 0.958300
598300 0.959300
598400 0.958300
598500 0.958100
598600 0.959300
598700 0.959200
598800 0.957800
598900 0.958800
599000 0.957900
599100 0.958900
599200 0.958700
599300 0.959800
599400 0.959600
599500 0.958600
599600 0.958400
599700 0.957900
599800 0.958200
599900 0.958100
