100 0.202700
200 0.314400
300 0.449900
400 0.509100
500 0.540100
600 0.613900
700 0.655600
800 0.724400
900 0.766300
1000 0.772400
1100 0.797900
1200 0.805800
1300 0.810400
1400 0.821100
1500 0.821000
1600 0.830900
1700 0.839400
1800 0.845300
1900 0.841800
2000 0.856000
2100 0.850500
2200 0.852500
2300 0.854500
2400 0.861800
2500 0.862700
2600 0.860000
2700 0.862800
2800 0.869000
2900 0.869700
3000 0.865300
3100 0.872600
3200 0.868000
3300 0.873000
3400 0.870300
3500 0.871900
3600 0.879000
3700 0.876000
3800 0.879700
3900 0.878600
4000 0.883500
4100 0.881300
4200 0.881200
4300 0.875500
4400 0.885500
4500 0.881200
4600 0.882200
4700 0.882100
4800 0.884400
4900 0.888500
5000 0.884600
5100 0.891200
5200 0.888200
5300 0.893400
5400 0.892700
5500 0.892400
5600 0.890200
5700 0.890100
5800 0.888300
5900 0.893100
6000 0.892600
6100 0.896700
6200 0.887500
6300 0.893400
6400 0.898700
6500 0.894100
6600 0.897100
6700 0.895300
6800 0.898300
6900 0.898900
7000 0.896400
7100 0.895800
7200 0.896100
7300 0.893400
7400 0.901100
7500 0.902600
7600 0.904900
7700 0.903100
7800 0.903500
7900 0.902100
8000 0.905000
8100 0.901800
8200 0.901500
8300 0.900200
8400 0.902400
8500 0.901600
8600 0.902100
8700 0.901500
8800 0.903200
8900 0.902000
9000 0.907100
9100 0.906500
9200 0.906300
9300 0.906600
9400 0.903900
9500 0.907100
9600 0.907400
9700 0.905900
9800 0.905500
9900 0.909300
10000 0.906600
10100 0.906700
10200 0.907700
10300 0.907600
10400 0.906200
10500 0.907900
10600 0.909400
10700 0.909000
10800 0.906300
10900 0.910600
11000 0.904700
11100 0.910700
11200 0.912200
11300 0.910900
11400 0.912200
11500 0.909800
11600 0.904600
11700 0.907100
11800 0.912400
11900 0.911900
12000 0.908900
12100 0.912500
12200 0.910400
12300 0.911300
12400 0.912400
12500 0.912100
12600 0.910200
12700 0.908700
12800 0.913500
12900 0.914100
13000 0.913800
13100 0.916200
13200 0.912200
13300 0.913900
13400 0.914700
13500 0.914800
13600 0.914400
13700 0.913600
13800 0.912200
13900 0.912600
14000 0.915100
14100 0.912500
14200 0.916300
14300 0.914400
14400 0.914600
14500 0.913800
14600 0.914100
14700 0.917000
14800 0.914900
14900 0.915100
15000 0.914000
15100 0.914600
15200 0.915400
15300 0.916200
15400 0.917500
15500 0.915100
15600 0.914600
15700 0.915400
15800 0.915100
15900 0.914700
16000 0.915100
16100 0.913100
16200 0.916000
16300 0.917400
16400 0.916500
16500 0.915500
16600 0.917700
16700 0.917800
16800 0.915600
16900 0.918000
17000 0.916600
17100 0.917000
17200 0.916100
17300 0.918600
17400 0.917700
17500 0.917500
17600 0.918200
17700 0.916200
17800 0.917700
17900 0.918300
18000 0.916600
18100 0.920100
18200 0.916700
18300 0.919300
18400 0.916800
18500 0.918000
18600 0.918600
18700 0.917100
18800 0.916000
18900 0.918700
19000 0.917500
19100 0.918400
19200 0.917800
19300 0.915900
19400 0.921600
19500 0.916800
19600 0.919300
19700 0.919200
19800 0.918100
19900 0.917800
20000 0.919000
20100 0.917300
20200 0.916500
20300 0.919200
20400 0.917000
20500 0.919300
20600 0.913100
20700 0.918400
20800 0.920400
20900 0.921400
21000 0.914800
21100 0.917900
21200 0.917900
21300 0.919500
21400 0.921200
21500 0.916700
21600 0.920800
21700 0.922200
21800 0.922400
21900 0.920900
22000 0.921900
22100 0.921400
22200 0.921100
22300 0.918900
22400 0.920200
22500 0.920500
22600 0.924300
22700 0.924400
22800 0.923000
22900 0.923000
23000 0.919400
23100 0.921300
23200 0.918600
23300 0.921300
23400 0.922500
23500 0.924700
23600 0.922700
23700 0.921500
23800 0.921700
23900 0.925500
24000 0.921100
24100 0.923900
24200 0.919700
24300 0.918800
24400 0.922000
24500 0.920200
24600 0.922400
24700 0.921100
24800 0.919500
24900 0.922900
25000 0.924100
25100 0.924400
25200 0.922400
25300 0.920300
25400 0.924100
25500 0.923400
25600 0.927000
25700 0.921000
25800 0.923600
25900 0.922200
26000 0.922800
26100 0.926600
26200 0.924400
26300 0.923700
26400 0.922000
26500 0.924200
26600 0.922000
26700 0.923800
26800 0.923000
26900 0.921100
27000 0.925600
27100 0.923500
27200 0.925100
27300 0.925000
27400 0.924100
27500 0.925200
27600 0.923600
27700 0.922500
27800 0.922700
27900 0.927400
28000 0.921900
28100 0.925000
28200 0.922700
28300 0.925700
28400 0.926700
28500 0.927900
28600 0.922700
28700 0.925600
28800 0.923800
28900 0.924900
29000 0.925100
29100 0.925900
29200 0.920100
29300 0.922300
29400 0.925200
29500 0.924500
29600 0.927100
29700 0.925100
29800 0.922800
29900 0.920200
30000 0.924800
30100 0.924800
30200 0.926600
30300 0.923700
30400 0.921100
30500 0.923200
30600 0.923800
30700 0.926300
30800 0.924600
30900 0.924700
31000 0.926600
31100 0.928000
31200 0.927600
31300 0.924000
31400 0.914800
31500 0.925700
31600 0.925700
31700 0.926400
31800 0.922600
31900 0.922700
32000 0.924500
32100 0.926300
32200 0.922600
32300 0.926500
32400 0.927100
32500 0.925000
32600 0.921900
32700 0.925600
32800 0.925800
32900 0.927700
33000 0.927800
33100 0.926700
33200 0.925800
33300 0.927700
33400 0.927400
33500 0.926300
33600 0.925800
33700 0.923300
33800 0.927300
33900 0.924600
34000 0.922000
34100 0.923800
34200 0.929100
34300 0.926600
34400 0.926200
34500 0.926000
34600 0.926500
34700 0.927600
34800 0.924500
34900 0.928500
35000 0.927000
35100 0.925700
35200 0.927400
35300 0.927700
35400 0.927300
35500 0.925400
35600 0.927400
35700 0.929000
35800 0.929400
35900 0.921200
36000 0.928700
36100 0.929600
36200 0.925500
36300 0.925900
36400 0.926800
36500 0.927900
36600 0.925300
36700 0.924700
36800 0.925600
36900 0.926400
37000 0.924500
37100 0.928300
37200 0.927500
37300 0.929400
37400 0.922300
37500 0.927800
37600 0.927600
37700 0.927100
37800 0.929500
37900 0.930000
38000 0.928500
38100 0.927700
38200 0.929900
38300 0.930300
38400 0.929400
38500 0.930400
38600 0.928200
38700 0.930100
38800 0.928400
38900 0.928600
39000 0.928200
39100 0.926800
39200 0.930700
39300 0.929600
39400 0.925300
39500 0.928300
39600 0.928500
39700 0.927300
39800 0.929800
39900 0.927500
40000 0.928800
40100 0.929200
40200 0.925500
40300 0.924300
40400 0.929300
40500 0.927800
40600 0.926300
40700 0.929300
40800 0.929100
40900 0.931400
41000 0.930400
41100 0.929300
41200 0.925600
41300 0.926700
41400 0.930200
41500 0.929500
41600 0.929900
41700 0.930600
41800 0.929000
41900 0.930400
42000 0.929900
42100 0.929800
42200 0.922800
42300 0.925000
42400 0.931000
42500 0.929900
42600 0.931500
42700 0.931300
42800 0.929500
42900 0.927000
43000 0.927200
43100 0.928300
43200 0.930800
43300 0.931200
43400 0.927700
43500 0.928100
43600 0.927300
43700 0.929800
43800 0.931400
43900 0.929800
44000 0.929200
44100 0.930000
44200 0.928500
44300 0.931200
44400 0.928000
44500 0.928900
44600 0.930400
44700 0.926100
44800 0.930300
44900 0.929200
45000 0.929000
45100 0.928100
45200 0.929200
45300 0.929700
45400 0.930900
45500 0.929100
45600 0.931100
45700 0.932900
45800 0.931100
45900 0.932400
46000 0.930100
46100 0.927900
46200 0.931000
46300 0.932100
46400 0.931500
46500 0.927900
46600 0.928600
46700 0.928100
46800 0.928600
46900 0.930100
47000 0.933000
47100 0.929600
47200 0.930400
47300 0.930700
47400 0.931700
47500 0.933000
47600 0.932500
47700 0.931900
47800 0.931900
47900 0.934800
48000 0.933800
48100 0.924500
48200 0.930100
48300 0.921100
48400 0.929700
48500 0.931600
48600 0.929100
48700 0.929000
48800 0.933500
48900 0.928000
49000 0.932500
49100 0.932400
49200 0.932400
49300 0.932900
49400 0.933400
49500 0.933900
49600 0.930300
49700 0.933800
49800 0.927900
49900 0.933900
50000 0.929800
50100 0.934600
50200 0.934600
50300 0.930800
50400 0.932600
50500 0.934200
50600 0.931600
50700 0.932100
50800 0.934300
50900 0.931200
51000 0.929500
51100 0.933200
51200 0.932800
51300 0.935900
51400 0.934300
51500 0.932200
51600 0.933900
51700 0.933700
51800 0.931500
51900 0.932400
52000 0.933200
52100 0.930400
52200 0.930400
52300 0.932200
52400 0.931700
52500 0.932200
52600 0.931900
52700 0.932600
52800 0.933500
52900 0.933200
53000 0.933700
53100 0.933400
53200 0.929000
53300 0.934700
53400 0.933500
53500 0.932700
53600 0.932100
53700 0.930500
53800 0.930900
53900 0.934600
54000 0.934000
54100 0.928800
54200 0.934500
54300 0.933900
54400 0.929600
54500 0.933600
54600 0.933800
54700 0.932200
54800 0.929600
54900 0.934300
55000 0.932900
55100 0.935000
55200 0.935000
55300 0.934600
55400 0.935900
55500 0.935100
55600 0.933800
55700 0.930900
55800 0.934700
55900 0.936300
56000 0.934300
56100 0.934000
56200 0.931800
56300 0.928100
56400 0.933800
56500 0.934500
56600 0.934500
56700 0.934300
56800 0.934700
56900 0.935100
57000 0.934800
57100 0.935500
57200 0.935100
57300 0.934300
57400 0.929300
57500 0.935300
57600 0.936800
57700 0.933100
57800 0.933100
57900 0.934300
58000 0.933700
58100 0.935400
58200 0.935000
58300 0.929600
58400 0.933500
58500 0.933500
58600 0.934000
58700 0.933500
58800 0.933000
58900 0.934500
59000 0.932200
59100 0.933100
59200 0.932200
59300 0.931100
59400 0.933400
59500 0.935500
59600 0.934300
59700 0.935200
59800 0.934700
59900 0.934900
60000 0.934100
60100 0.935600
60200 0.932800
60300 0.932000
60400 0.935100
60500 0.933600
60600 0.933500
60700 0.933400
60800 0.933200
60900 0.936500
61000 0.934400
61100 0.934800
61200 0.933900
61300 0.934100
61400 0.935000
61500 0.935200
61600 0.931400
61700 0.933900
61800 0.935400
61900 0.934200
62000 0.927400
62100 0.935000
62200 0.930700
62300 0.933700
62400 0.931100
62500 0.935400
62600 0.935500
62700 0.932700
62800 0.935100
62900 0.933100
63000 0.933100
63100 0.933600
63200 0.930000
63300 0.931700
63400 0.935300
63500 0.935400
63600 0.933300
63700 0.931000
63800 0.933900
63900 0.933400
64000 0.933900
64100 0.934400
64200 0.933000
64300 0.935400
64400 0.931900
64500 0.932700
64600 0.934500
64700 0.933300
64800 0.932600
64900 0.931500
65000 0.936500
65100 0.934600
65200 0.934900
65300 0.936100
65400 0.932200
65500 0.934400
65600 0.932800
65700 0.933500
65800 0.935700
65900 0.932400
66000 0.935900
66100 0.933300
66200 0.932300
66300 0.933700
66400 0.936800
66500 0.930900
66600 0.934100
66700 0.936200
66800 0.932800
66900 0.935900
67000 0.933900
67100 0.931800
67200 0.935400
67300 0.934500
67400 0.937000
67500 0.935100
67600 0.938600
67700 0.932700
67800 0.935000
67900 0.933400
68000 0.934400
68100 0.936200
68200 0.935200
68300 0.931300
68400 0.934300
68500 0.934700
68600 0.934400
68700 0.934900
68800 0.932700
68900 0.936100
69000 0.936700
69100 0.937100
69200 0.936000
69300 0.938400
69400 0.934700
69500 0.939000
69600 0.932000
69700 0.936500
69800 0.936300
69900 0.936300
70000 0.935200
70100 0.936400
70200 0.933500
70300 0.933400
70400 0.935100
70500 0.936300
70600 0.936900
70700 0.934000
70800 0.936800
70900 0.935600
71000 0.935200
71100 0.937100
71200 0.939100
71300 0.937800
71400 0.939200
71500 0.937300
71600 0.936900
71700 0.936200
71800 0.934700
71900 0.937900
72000 0.936800
72100 0.936500
72200 0.934500
72300 0.934000
72400 0.936700
72500 0.936700
72600 0.935700
72700 0.934200
72800 0.933800
72900 0.937400
73000 0.937100
73100 0.936700
73200 0.936000
73300 0.936700
73400 0.936200
73500 0.932000
73600 0.936500
73700 0.938600
73800 0.938800
73900 0.935800
74000 0.934400
74100 0.936100
74200 0.934300
74300 0.936100
74400 0.934000
74500 0.933100
74600 0.933900
74700 0.936300
74800 0.935400
74900 0.936600
75000 0.936700
75100 0.935500
75200 0.937600
75300 0.938200
75400 0.935000
75500 0.935100
75600 0.935400
75700 0.935900
75800 0.933000
75900 0.934500
76000 0.936400
76100 0.937200
76200 0.936700
76300 0.936700
76400 0.938500
76500 0.936900
76600 0.932600
76700 0.929500
76800 0.934800
76900 0.934900
77000 0.936200
77100 0.937100
77200 0.936500
77300 0.936900
77400 0.937000
77500 0.935300
77600 0.930200
77700 0.936200
77800 0.938900
77900 0.935500
78000 0.939000
78100 0.935300
78200 0.937300
78300 0.935900
78400 0.936000
78500 0.937800
78600 0.938300
78700 0.937400
78800 0.937900
78900 0.934400
79000 0.936100
79100 0.936200
79200 0.934900
79300 0.938100
79400 0.937600
79500 0.935800
79600 0.938400
79700 0.938300
79800 0.938500
79900 0.937100
80000 0.938200
80100 0.938600
80200 0.936800
80300 0.932300
80400 0.934100
80500 0.937700
80600 0.936600
80700 0.935300
80800 0.929400
80900 0.935800
81000 0.938600
81100 0.936700
81200 0.939900
81300 0.936200
81400 0.939700
81500 0.938500
81600 0.939400
81700 0.936500
81800 0.940000
81900 0.936400
82000 0.937700
82100 0.936800
82200 0.938000
82300 0.935300
82400 0.938800
82500 0.938900
82600 0.936200
82700 0.939200
82800 0.936300
82900 0.936100
83000 0.939400
83100 0.938700
83200 0.939400
83300 0.939600
83400 0.939000
83500 0.937100
83600 0.936600
83700 0.937400
83800 0.935300
83900 0.938100
84000 0.936700
84100 0.937900
84200 0.936500
84300 0.938700
84400 0.938900
84500 0.939800
84600 0.936800
84700 0.936700
84800 0.939700
84900 0.937900
85000 0.937500
85100 0.939100
85200 0.937700
85300 0.936400
85400 0.938900
85500 0.934800
85600 0.937700
85700 0.936100
85800 0.937100
85900 0.937400
86000 0.937300
86100 0.936200
86200 0.933700
86300 0.934200
86400 0.937200
86500 0.936200
86600 0.935900
86700 0.934500
86800 0.933000
86900 0.932400
87000 0.936500
87100 0.937900
87200 0.935600
87300 0.932700
87400 0.938400
87500 0.937400
87600 0.939100
87700 0.934500
87800 0.932600
87900 0.937300
88000 0.938700
88100 0.934100
88200 0.937600
88300 0.937500
88400 0.935800
88500 0.935100
88600 0.937700
88700 0.936800
88800 0.937600
88900 0.936400
89000 0.937300
89100 0.936900
89200 0.936200
89300 0.937400
89400 0.938200
89500 0.936500
89600 0.939200
89700 0.939100
89800 0.938100
89900 0.938800
90000 0.937400
90100 0.938600
90200 0.937800
90300 0.938700
90400 0.937200
90500 0.935600
90600 0.937900
90700 0.936800
90800 0.938900
90900 0.937700
91000 0.938300
91100 0.939800
91200 0.937400
91300 0.938500
91400 0.938400
91500 0.938600
91600 0.935200
91700 0.938200
91800 0.937100
91900 0.937400
92000 0.935600
92100 0.937800
92200 0.933500
92300 0.938100
92400 0.936400
92500 0.936800
92600 0.936800
92700 0.937100
92800 0.938500
92900 0.935600
93000 0.936100
93100 0.937400
93200 0.936300
93300 0.937600
93400 0.937300
93500 0.940000
93600 0.940700
93700 0.937200
93800 0.933700
93900 0.936500
94000 0.938000
94100 0.938900
94200 0.939800
94300 0.937600
94400 0.936900
94500 0.933700
94600 0.937500
94700 0.936300
94800 0.937300
94900 0.936100
95000 0.935600
95100 0.936500
95200 0.938200
95300 0.937700
95400 0.938900
95500 0.937800
95600 0.937100
95700 0.936200
95800 0.937200
95900 0.938800
96000 0.933400
96100 0.936700
96200 0.934900
96300 0.936000
96400 0.937800
96500 0.937900
96600 0.940000
96700 0.936800
96800 0.941000
96900 0.938100
97000 0.939300
97100 0.939700
97200 0.940100
97300 0.938500
97400 0.938400
97500 0.935700
97600 0.939800
97700 0.937900
97800 0.938300
97900 0.939600
98000 0.938100
98100 0.938500
98200 0.934400
98300 0.937400
98400 0.936600
98500 0.937200
98600 0.938900
98700 0.938600
98800 0.939100
98900 0.939500
99000 0.937400
99100 0.936700
99200 0.937800
99300 0.938400
99400 0.935600
99500 0.938100
99600 0.936700
99700 0.936500
99800 0.936500
99900 0.935600
100000 0.937300
100100 0.938200
100200 0.938400
100300 0.936800
100400 0.939500
100500 0.940400
100600 0.939000
100700 0.937100
100800 0.939400
100900 0.937100
101000 0.933500
101100 0.938200
101200 0.936700
101300 0.938800
101400 0.940100
101500 0.933700
101600 0.937900
101700 0.938300
101800 0.938500
101900 0.937200
102000 0.936100
102100 0.941600
102200 0.942700
102300 0.939900
102400 0.937800
102500 0.938700
102600 0.938200
102700 0.938900
102800 0.935700
102900 0.936900
103000 0.936200
103100 0.933600
103200 0.933300
103300 0.935700
103400 0.932500
103500 0.936300
103600 0.938100
103700 0.939500
103800 0.936800
103900 0.938900
104000 0.937600
104100 0.935700
104200 0.937200
104300 0.935900
104400 0.936500
104500 0.938600
104600 0.931700
104700 0.937800
104800 0.933400
104900 0.937700
105000 0.939800
105100 0.940000
105200 0.937500
105300 0.935400
105400 0.935900
105500 0.940100
105600 0.939700
105700 0.936900
105800 0.941400
105900 0.940000
106000 0.938600
106100 0.938500
106200 0.935600
106300 0.937700
106400 0.933400
106500 0.939100
106600 0.936400
106700 0.936100
106800 0.936700
106900 0.940200
107000 0.940800
107100 0.940000
107200 0.938800
107300 0.941700
107400 0.940300
107500 0.941100
107600 0.940400
107700 0.938200
107800 0.938100
107900 0.938900
108000 0.940600
108100 0.938000
108200 0.941200
108300 0.939200
108400 0.938000
108500 0.938500
108600 0.940500
108700 0.935700
108800 0.938200
108900 0.938200
109000 0.939900
109100 0.939300
109200 0.939100
109300 0.938800
109400 0.938300
109500 0.938000
109600 0.936100
109700 0.934200
109800 0.939300
109900 0.936600
110000 0.938600
110100 0.940100
110200 0.940200
110300 0.940000
110400 0.937700
110500 0.937000
110600 0.936300
110700 0.938300
110800 0.940800
110900 0.937700
111000 0.937000
111100 0.939000
111200 0.939900
111300 0.941900
111400 0.940300
111500 0.940500
111600 0.935800
111700 0.938800
111800 0.941400
111900 0.941900
112000 0.938000
112100 0.939800
112200 0.938000
112300 0.941400
112400 0.940900
112500 0.939900
112600 0.940100
112700 0.937400
112800 0.941200
112900 0.938100
113000 0.936800
113100 0.940000
113200 0.939800
113300 0.940600
113400 0.939900
113500 0.937900
113600 0.940600
113700 0.938200
113800 0.938900
113900 0.939800
114000 0.936800
114100 0.938300
114200 0.939100
114300 0.938100
114400 0.937300
114500 0.936800
114600 0.936200
114700 0.940100
114800 0.941500
114900 0.941200
115000 0.938100
115100 0.938900
115200 0.938900
115300 0.939200
115400 0.940600
115500 0.939100
115600 0.937000
115700 0.941300
115800 0.941400
115900 0.940700
116000 0.939300
116100 0.937700
116200 0.937100
116300 0.939700
116400 0.938500
116500 0.938300
116600 0.941200
116700 0.937600
116800 0.937900
116900 0.938300
117000 0.938700
117100 0.941200
117200 0.939000
117300 0.940900
117400 0.940000
117500 0.940300
117600 0.939500
117700 0.941200
117800 0.939900
117900 0.940700
118000 0.941200
118100 0.941800
118200 0.940900
118300 0.940600
118400 0.941700
118500 0.940800
118600 0.942800
118700 0.941400
118800 0.939700
118900 0.938300
119000 0.941500
119100 0.940900
119200 0.939000
119300 0.940300
119400 0.941100
119500 0.939000
119600 0.937600
119700 0.938600
119800 0.940700
119900 0.941600
120000 0.937900
120100 0.940400
120200 0.941200
120300 0.939400
120400 0.939800
120500 0.940500
120600 0.939800
120700 0.938300
120800 0.940400
120900 0.939700
121000 0.938000
121100 0.937100
121200 0.938800
121300 0.938900
121400 0.939800
121500 0.937300
121600 0.941000
121700 0.941100
121800 0.941500
121900 0.941400
122000 0.941900
122100 0.940600
122200 0.938600
122300 0.937300
122400 0.940300
122500 0.937100
122600 0.940000
122700 0.940500
122800 0.941800
122900 0.940400
123000 0.940900
123100 0.941300
123200 0.940800
123300 0.941500
123400 0.939300
123500 0.938800
123600 0.937200
123700 0.941300
123800 0.942800
123900 0.941900
124000 0.942400
124100 0.940400
124200 0.940900
124300 0.934100
124400 0.937900
124500 0.937700
124600 0.939200
124700 0.938200
124800 0.939700
124900 0.940300
125000 0.940800
125100 0.940300
125200 0.941400
125300 0.939400
125400 0.935100
125500 0.942400
125600 0.942000
125700 0.942200
125800 0.941700
125900 0.941900
126000 0.943200
126100 0.940300
126200 0.943100
126300 0.940700
126400 0.940800
126500 0.940700
126600 0.941400
126700 0.942500
126800 0.941300
126900 0.934700
127000 0.940400
127100 0.941100
127200 0.939600
127300 0.940600
127400 0.940100
127500 0.940200
127600 0.938700
127700 0.938900
127800 0.939500
127900 0.938500
128000 0.937900
128100 0.939300
128200 0.939900
128300 0.941500
128400 0.943100
128500 0.939000
128600 0.942500
128700 0.942000
128800 0.943500
128900 0.943600
129000 0.942700
129100 0.941400
129200 0.938800
129300 0.941600
129400 0.941200
129500 0.941300
129600 0.942100
129700 0.942600
129800 0.941500
129900 0.943400
130000 0.937800
130100 0.940100
130200 0.939700
130300 0.942500
130400 0.935600
130500 0.942900
130600 0.941100
130700 0.940200
130800 0.939400
130900 0.942800
131000 0.941700
131100 0.940200
131200 0.941100
131300 0.942200
131400 0.939900
131500 0.941900
131600 0.942400
131700 0.942300
131800 0.943100
131900 0.942100
132000 0.942100
132100 0.938900
132200 0.944100
132300 0.942300
132400 0.941700
132500 0.941700
132600 0.940200
132700 0.941200
132800 0.940900
132900 0.940900
133000 0.943400
133100 0.942700
133200 0.943700
133300 0.939500
133400 0.942800
133500 0.942200
133600 0.941700
133700 0.943300
133800 0.941100
133900 0.942200
134000 0.938000
134100 0.940000
134200 0.943100
134300 0.943100
134400 0.942900
134500 0.944400
134600 0.944100
134700 0.940400
134800 0.944100
134900 0.942400
135000 0.943600
135100 0.941500
135200 0.939600
135300 0.940100
135400 0.943500
135500 0.943600
135600 0.944700
135700 0.942200
135800 0.938500
135900 0.938900
136000 0.940600
136100 0.942300
136200 0.942000
136300 0.938100
136400 0.940700
136500 0.940900
136600 0.939900
136700 0.941900
136800 0.940500
136900 0.942700
137000 0.941500
137100 0.940800
137200 0.941800
137300 0.943700
137400 0.941200
137500 0.938800
137600 0.942900
137700 0.943300
137800 0.944200
137900 0.943200
138000 0.941300
138100 0.939200
138200 0.940200
138300 0.940900
138400 0.940300
138500 0.939400
138600 0.943000
138700 0.941000
138800 0.944100
138900 0.938500
139000 0.939100
139100 0.941700
139200 0.943300
139300 0.942200
139400 0.939600
139500 0.940300
139600 0.942100
139700 0.940200
139800 0.940900
139900 0.939200
140000 0.943400
140100 0.944500
140200 0.941200
140300 0.942800
140400 0.943300
140500 0.941700
140600 0.940200
140700 0.939900
140800 0.945000
140900 0.945700
141000 0.941100
141100 0.944400
141200 0.942200
141300 0.942600
141400 0.943700
141500 0.942300
141600 0.942800
141700 0.942300
141800 0.944500
141900 0.939300
142000 0.939900
142100 0.939300
142200 0.943800
142300 0.941000
142400 0.945200
142500 0.945900
142600 0.944300
142700 0.941600
142800 0.943700
142900 0.941100
143000 0.941700
143100 0.941800
143200 0.943800
143300 0.944500
143400 0.933700
143500 0.938800
143600 0.944000
143700 0.941000
143800 0.944800
143900 0.944400
144000 0.939300
144100 0.945400
144200 0.944300
144300 0.943600
144400 0.941600
144500 0.943600
144600 0.943800
144700 0.943200
144800 0.944500
144900 0.942500
145000 0.944700
145100 0.940000
145200 0.941900
145300 0.940500
145400 0.942400
145500 0.940200
145600 0.941600
145700 0.942300
145800 0.943100
145900 0.941000
146000 0.939600
146100 0.939100
146200 0.942000
146300 0.938200
146400 0.941000
146500 0.942300
146600 0.940600
146700 0.941400
146800 0.942400
146900 0.939900
147000 0.936100
147100 0.941400
147200 0.941100
147300 0.939400
147400 0.940800
147500 0.943200
147600 0.939000
147700 0.942000
147800 0.942400
147900 0.941200
148000 0.941000
148100 0.940400
148200 0.942700
148300 0.941500
148400 0.941600
148500 0.940800
148600 0.942800
148700 0.940100
148800 0.939900
148900 0.942900
149000 0.942000
149100 0.935200
149200 0.936800
149300 0.941200
149400 0.937500
149500 0.939800
149600 0.940300
149700 0.943700
149800 0.942100
149900 0.940900
150000 0.941700
150100 0.940500
150200 0.938300
150300 0.943000
150400 0.941600
150500 0.943400
150600 0.941700
150700 0.941500
150800 0.942100
150900 0.942400
151000 0.943400
151100 0.940900
151200 0.941700
151300 0.940700
151400 0.940000
151500 0.939700
151600 0.940300
151700 0.941300
151800 0.940000
151900 0.941800
152000 0.942800
152100 0.942000
152200 0.941700
152300 0.944200
152400 0.943500
152500 0.940200
152600 0.940700
152700 0.942300
152800 0.937300
152900 0.940500
153000 0.943400
153100 0.942300
153200 0.943800
153300 0.940300
153400 0.942100
153500 0.942400
153600 0.943100
153700 0.940100
153800 0.940900
153900 0.941800
154000 0.943100
154100 0.941000
154200 0.942900
154300 0.942000
154400 0.942100
154500 0.934600
154600 0.940200
154700 0.938400
154800 0.940200
154900 0.943500
155000 0.942000
155100 0.943400
155200 0.940900
155300 0.940900
155400 0.937400
155500 0.940900
155600 0.941200
155700 0.943900
155800 0.942900
155900 0.943000
156000 0.943400
156100 0.940600
156200 0.939600
156300 0.940500
156400 0.943000
156500 0.939400
156600 0.943900
156700 0.943300
156800 0.940700
156900 0.941500
157000 0.942100
157100 0.940500
157200 0.939700
157300 0.941700
157400 0.943400
157500 0.943100
157600 0.941200
157700 0.942000
157800 0.941300
157900 0.941200
158000 0.938200
158100 0.943500
158200 0.943000
158300 0.943900
158400 0.942000
158500 0.942100
158600 0.942300
158700 0.941900
158800 0.942000
158900 0.939700
159000 0.939700
159100 0.941500
159200 0.941900
159300 0.940000
159400 0.943400
159500 0.940800
159600 0.939400
159700 0.939900
159800 0.941500
159900 0.939100
160000 0.942200
160100 0.942200
160200 0.940400
160300 0.943800
160400 0.943300
160500 0.944600
160600 0.940200
160700 0.939600
160800 0.941500
160900 0.942200
161000 0.944100
161100 0.944600
161200 0.942100
161300 0.940300
161400 0.943300
161500 0.943200
161600 0.943700
161700 0.941200
161800 0.945300
161900 0.937500
162000 0.943000
162100 0.940800
162200 0.945100
162300 0.942200
162400 0.942800
162500 0.943100
162600 0.940100
162700 0.941600
162800 0.942100
162900 0.942200
163000 0.942800
163100 0.941900
163200 0.940700
163300 0.942900
163400 0.942300
163500 0.942700
163600 0.938600
163700 0.938000
163800 0.935400
163900 0.939500
164000 0.938400
164100 0.938500
164200 0.938600
164300 0.940600
164400 0.939900
164500 0.939800
164600 0.941100
164700 0.940600
164800 0.940800
164900 0.941300
165000 0.941900
165100 0.938000
165200 0.941300
165300 0.938500
165400 0.939000
165500 0.940000
165600 0.941000
165700 0.940100
165800 0.938400
165900 0.936300
166000 0.939100
166100 0.939900
166200 0.938300
166300 0.940800
166400 0.940300
166500 0.941500
166600 0.940400
166700 0.939500
166800 0.941800
166900 0.940900
167000 0.939800
167100 0.940900
167200 0.942300
167300 0.943100
167400 0.937100
167500 0.940100
167600 0.942000
167700 0.942800
167800 0.943000
167900 0.940700
168000 0.940800
168100 0.941100
168200 0.940000
168300 0.938400
168400 0.941800
168500 0.940700
168600 0.941400
168700 0.940400
168800 0.941200
168900 0.943100
169000 0.942100
169100 0.943000
169200 0.942300
169300 0.943100
169400 0.940100
169500 0.944300
169600 0.939300
169700 0.941700
169800 0.939800
169900 0.940300
170000 0.944200
170100 0.943000
170200 0.938300
170300 0.943800
170400 0.944200
170500 0.942100
170600 0.942300
170700 0.940700
170800 0.943200
170900 0.943000
171000 0.939900
171100 0.939800
171200 0.939600
171300 0.942400
171400 0.939000
171500 0.940400
171600 0.939800
171700 0.941500
171800 0.942800
171900 0.940900
172000 0.939800
172100 0.940100
172200 0.939400
172300 0.942700
172400 0.941500
172500 0.938800
172600 0.940000
172700 0.939600
172800 0.942500
172900 0.939700
173000 0.939600
173100 0.940600
173200 0.940600
173300 0.941900
173400 0.941400
173500 0.941700
173600 0.939000
173700 0.940300
173800 0.938400
173900 0.940500
174000 0.939800
174100 0.941100
174200 0.942700
174300 0.942000
174400 0.940000
174500 0.940100
174600 0.939900
174700 0.941800
174800 0.941600
174900 0.939200
175000 0.939000
175100 0.941300
175200 0.939500
175300 0.938500
175400 0.941200
175500 0.937900
175600 0.942000
175700 0.941400
175800 0.940400
175900 0.939600
176000 0.942400
176100 0.941200
176200 0.939600
176300 0.941500
176400 0.939800
176500 0.941000
176600 0.941300
176700 0.941200
176800 0.941900
176900 0.940700
177000 0.940200
177100 0.943300
177200 0.942700
177300 0.943600
177400 0.941200
177500 0.940300
177600 0.941100
177700 0.940600
177800 0.941300
177900 0.941700
178000 0.941500
178100 0.942400
178200 0.939400
178300 0.941100
178400 0.941100
178500 0.941200
178600 0.943100
178700 0.940200
178800 0.938200
178900 0.940500
179000 0.941300
179100 0.942700
179200 0.940200
179300 0.941500
179400 0.941000
179500 0.938500
179600 0.940200
179700 0.943300
179800 0.941900
179900 0.938400
180000 0.939600
180100 0.941600
180200 0.942200
180300 0.940700
180400 0.943200
180500 0.943300
180600 0.942700
180700 0.937900
180800 0.942300
180900 0.939300
181000 0.941200
181100 0.943600
181200 0.941700
181300 0.943200
181400 0.943200
181500 0.941700
181600 0.938700
181700 0.942000
181800 0.939700
181900 0.940700
182000 0.943900
182100 0.944300
182200 0.942800
182300 0.942500
182400 0.944800
182500 0.944000
182600 0.941300
182700 0.943500
182800 0.944300
182900 0.944000
183000 0.942900
183100 0.943700
183200 0.944000
183300 0.944500
183400 0.941700
183500 0.942100
183600 0.942200
183700 0.943200
183800 0.943600
183900 0.943300
184000 0.942700
184100 0.942900
184200 0.943700
184300 0.945500
184400 0.943400
184500 0.942700
184600 0.943300
184700 0.944000
184800 0.943000
184900 0.941600
185000 0.938900
185100 0.942400
185200 0.943200
185300 0.941200
185400 0.941900
185500 0.944700
185600 0.944500
185700 0.942500
185800 0.943000
185900 0.940800
186000 0.941700
186100 0.940600
186200 0.943100
186300 0.939500
186400 0.942900
186500 0.939000
186600 0.943100
186700 0.938800
186800 0.941200
186900 0.942300
187000 0.939800
187100 0.944100
187200 0.938600
187300 0.941700
187400 0.941600
187500 0.942500
187600 0.942500
187700 0.939900
187800 0.942900
187900 0.939800
188000 0.936700
188100 0.942900
188200 0.942100
188300 0.942000
188400 0.943700
188500 0.939600
188600 0.943000
188700 0.940200
188800 0.943400
188900 0.943100
189000 0.942900
189100 0.939100
189200 0.940300
189300 0.941000
189400 0.942800
189500 0.942800
189600 0.942300
189700 0.944300
189800 0.943600
189900 0.942400
190000 0.942200
190100 0.942700
190200 0.942600
190300 0.942000
190400 0.939200
190500 0.939000
190600 0.941300
190700 0.942400
190800 0.943300
190900 0.940200
191000 0.941400
191100 0.940700
191200 0.943200
191300 0.940000
191400 0.942800
191500 0.940900
191600 0.943500
191700 0.940900
191800 0.943800
191900 0.941200
192000 0.941800
192100 0.940500
192200 0.941900
192300 0.943800
192400 0.941300
192500 0.940700
192600 0.941000
192700 0.941800
192800 0.942800
192900 0.939200
193000 0.943400
193100 0.942300
193200 0.943000
193300 0.941700
193400 0.943800
193500 0.944200
193600 0.942700
193700 0.942200
193800 0.942800
193900 0.942400
194000 0.941300
194100 0.939900
194200 0.942500
194300 0.942800
194400 0.936600
194500 0.942300
194600 0.940900
194700 0.939100
194800 0.942500
194900 0.943400
195000 0.943800
195100 0.941800
195200 0.943300
195300 0.943000
195400 0.943900
195500 0.943900
195600 0.942000
195700 0.943100
195800 0.944700
195900 0.941900
196000 0.939500
196100 0.940800
196200 0.938600
196300 0.940100
196400 0.939900
196500 0.942700
196600 0.946000
196700 0.943500
196800 0.944100
196900 0.943900
197000 0.940000
197100 0.942400
197200 0.942100
197300 0.940500
197400 0.943800
197500 0.942700
197600 0.942900
197700 0.944100
197800 0.944300
197900 0.945500
198000 0.944700
198100 0.945000
198200 0.946400
198300 0.942800
198400 0.943200
198500 0.942200
198600 0.943100
198700 0.943200
198800 0.942500
198900 0.944200
199000 0.940500
199100 0.941000
199200 0.940600
199300 0.942800
199400 0.943100
199500 0.940900
199600 0.939500
199700 0.943600
199800 0.943400
199900 0.943300
200000 0.941000
200100 0.941700
200200 0.944300
200300 0.944700
200400 0.944700
200500 0.945100
200600 0.943100
200700 0.943300
200800 0.940700
200900 0.941000
201000 0.942100
201100 0.942200
201200 0.944500
201300 0.944300
201400 0.943100
201500 0.943900
201600 0.943900
201700 0.942300
201800 0.941900
201900 0.943900
202000 0.942500
202100 0.941400
202200 0.945700
202300 0.943400
202400 0.943000
202500 0.942500
202600 0.942900
202700 0.942700
202800 0.943800
202900 0.940900
203000 0.942700
203100 0.943500
203200 0.944600
203300 0.942300
203400 0.942600
203500 0.942400
203600 0.941800
203700 0.939600
203800 0.942700
203900 0.941200
204000 0.942200
204100 0.943700
204200 0.942300
204300 0.942600
204400 0.943300
204500 0.944400
204600 0.941800
204700 0.943100
204800 0.943400
204900 0.943200
205000 0.943000
205100 0.942800
205200 0.943100
205300 0.940000
205400 0.942100
205500 0.939700
205600 0.940300
205700 0.941000
205800 0.942100
205900 0.942100
206000 0.943000
206100 0.941500
206200 0.944600
206300 0.942300
206400 0.939600
206500 0.942000
206600 0.934800
206700 0.941800
206800 0.940700
206900 0.940100
207000 0.940200
207100 0.940500
207200 0.943300
207300 0.941900
207400 0.942900
207500 0.942800
207600 0.941800
207700 0.943300
207800 0.941500
207900 0.942500
208000 0.940200
208100 0.940100
208200 0.942300
208300 0.941000
208400 0.939700
208500 0.941600
208600 0.943700
208700 0.942800
208800 0.942000
208900 0.937900
209000 0.942000
209100 0.940700
209200 0.940400
209300 0.942300
209400 0.942400
209500 0.940300
209600 0.940700
209700 0.940500
209800 0.943200
209900 0.937700
210000 0.940300
210100 0.940000
210200 0.940300
210300 0.942200
210400 0.941200
210500 0.940000
210600 0.940700
210700 0.938500
210800 0.935300
210900 0.942300
211000 0.940100
211100 0.941100
211200 0.941800
211300 0.940100
211400 0.939500
211500 0.941300
211600 0.942200
211700 0.941100
211800 0.941800
211900 0.940600
212000 0.942700
212100 0.943000
212200 0.940900
212300 0.942700
212400 0.943000
212500 0.941400
212600 0.940500
212700 0.940900
212800 0.940100
212900 0.940500
213000 0.940400
213100 0.942500
213200 0.942300
213300 0.941400
213400 0.942600
213500 0.939800
213600 0.942700
213700 0.941600
213800 0.941300
213900 0.943000
214000 0.940700
214100 0.942900
214200 0.941700
214300 0.941600
214400 0.940500
214500 0.942900
214600 0.940700
214700 0.942200
214800 0.940800
214900 0.943000
215000 0.943500
215100 0.940600
215200 0.940200
215300 0.944200
215400 0.944500
215500 0.941000
215600 0.943600
215700 0.942400
215800 0.941000
215900 0.943000
216000 0.942100
216100 0.942800
216200 0.941000
216300 0.944200
216400 0.943300
216500 0.942900
216600 0.941900
216700 0.942800
216800 0.944400
216900 0.944100
217000 0.943700
217100 0.943600
217200 0.941400
217300 0.942500
217400 0.942000
217500 0.941700
217600 0.942800
217700 0.942000
217800 0.943600
217900 0.943300
218000 0.943900
218100 0.943300
218200 0.944400
218300 0.942500
218400 0.942400
218500 0.942500
218600 0.944000
218700 0.943800
218800 0.943200
218900 0.944000
219000 0.943900
219100 0.941700
219200 0.939500
219300 0.941900
219400 0.942100
219500 0.942500
219600 0.943600
219700 0.944500
219800 0.941600
219900 0.943700
220000 0.943400
220100 0.944300
220200 0.944200
220300 0.943300
220400 0.943300
220500 0.942100
220600 0.942600
220700 0.944100
220800 0.944400
220900 0.941900
221000 0.943600
221100 0.943600
221200 0.944300
221300 0.942500
221400 0.944200
221500 0.944400
221600 0.946600
221700 0.944100
221800 0.942100
221900 0.940700
222000 0.943300
222100 0.941600
222200 0.941200
222300 0.943400
222400 0.939800
222500 0.942400
222600 0.942200
222700 0.943500
222800 0.942000
222900 0.940300
223000 0.940600
223100 0.941500
223200 0.941800
223300 0.942100
223400 0.942800
223500 0.942600
223600 0.941800
223700 0.944100
223800 0.942600
223900 0.940900
224000 0.941000
224100 0.944300
224200 0.943500
224300 0.938800
224400 0.938000
224500 0.943200
224600 0.943900
224700 0.942200
224800 0.941400
224900 0.940900
225000 0.942200
225100 0.940300
225200 0.940100
225300 0.940900
225400 0.942200
225500 0.944600
225600 0.942300
225700 0.939500
225800 0.942000
225900 0.943600
226000 0.943200
226100 0.943800
226200 0.940400
226300 0.940100
226400 0.938700
226500 0.942800
226600 0.943200
226700 0.939900
226800 0.941800
226900 0.942000
227000 0.941000
227100 0.945200
227200 0.943000
227300 0.942300
227400 0.942300
227500 0.944700
227600 0.942500
227700 0.943600
227800 0.944300
227900 0.941500
228000 0.939000
228100 0.942200
228200 0.942900
228300 0.943800
228400 0.942700
228500 0.941300
228600 0.942400
228700 0.938900
228800 0.942500
228900 0.941900
229000 0.941200
229100 0.942400
229200 0.942300
229300 0.942500
229400 0.943400
229500 0.943800
229600 0.942200
229700 0.942500
229800 0.944000
229900 0.941700
230000 0.939900
230100 0.942900
230200 0.941000
230300 0.944400
230400 0.941900
230500 0.942000
230600 0.942000
230700 0.943600
230800 0.942500
230900 0.941000
231000 0.942300
231100 0.944600
231200 0.942800
231300 0.942700
231400 0.943000
231500 0.942900
231600 0.941600
231700 0.940500
231800 0.940400
231900 0.941600
232000 0.938700
232100 0.939800
232200 0.941000
232300 0.943600
232400 0.941400
232500 0.942100
232600 0.939500
232700 0.941000
232800 0.942500
232900 0.943400
233000 0.942700
233100 0.943200
233200 0.944100
233300 0.943500
233400 0.944200
233500 0.943600
233600 0.942700
233700 0.940800
233800 0.943600
233900 0.941800
234000 0.942000
234100 0.941800
234200 0.942300
234300 0.939300
234400 0.942000
234500 0.943400
234600 0.943000
234700 0.942400
234800 0.943200
234900 0.944600
235000 0.942100
235100 0.945700
235200 0.941900
235300 0.942900
235400 0.941800
235500 0.944000
235600 0.943500
235700 0.942900
235800 0.943600
235900 0.943400
236000 0.943700
236100 0.944700
236200 0.946200
236300 0.944800
236400 0.944900
236500 0.943500
236600 0.944300
236700 0.943400
236800 0.940900
236900 0.942200
237000 0.944500
237100 0.943000
237200 0.942800
237300 0.943900
237400 0.944700
237500 0.941500
237600 0.944100
237700 0.941200
237800 0.941500
237900 0.943900
238000 0.944200
238100 0.945500
238200 0.945600
238300 0.944900
238400 0.944900
238500 0.943800
238600 0.944400
238700 0.943000
238800 0.942900
238900 0.942800
239000 0.941700
239100 0.943200
239200 0.942900
239300 0.938300
239400 0.941500
239500 0.938600
239600 0.944500
239700 0.944800
239800 0.942800
239900 0.943600
240000 0.943400
240100 0.942200
240200 0.942300
240300 0.941700
240400 0.943000
240500 0.944000
240600 0.944700
240700 0.945500
240800 0.941900
240900 0.944200
241000 0.942700
241100 0.940900
241200 0.945300
241300 0.944100
241400 0.942100
241500 0.945000
241600 0.943800
241700 0.944800
241800 0.943300
241900 0.944800
242000 0.943700
242100 0.942600
242200 0.943300
242300 0.944600
242400 0.942000
242500 0.945800
242600 0.945000
242700 0.943900
242800 0.944800
242900 0.941700
243000 0.944000
243100 0.943000
243200 0.944800
243300 0.945800
243400 0.943000
243500 0.944900
243600 0.944700
243700 0.945100
243800 0.945500
243900 0.942400
244000 0.940200
244100 0.940700
244200 0.942500
244300 0.941300
244400 0.941900
244500 0.942000
244600 0.943900
244700 0.938700
244800 0.943500
244900 0.943700
245000 0.945100
245100 0.943600
245200 0.943400
245300 0.940900
245400 0.943600
245500 0.943900
245600 0.943400
245700 0.944300
245800 0.943000
245900 0.944400
246000 0.943500
246100 0.944700
246200 0.942800
246300 0.944100
246400 0.942600
246500 0.945800
246600 0.946000
246700 0.945900
246800 0.944200
246900 0.945600
247000 0.943600
247100 0.945800
247200 0.943300
247300 0.945500
247400 0.946700
247500 0.945800
247600 0.946700
247700 0.945900
247800 0.943500
247900 0.943400
248000 0.944300
248100 0.943500
248200 0.943400
248300 0.944200
248400 0.943100
248500 0.943400
248600 0.943900
248700 0.942700
248800 0.943800
248900 0.945500
249000 0.943600
249100 0.944800
249200 0.945500
249300 0.943300
249400 0.944400
249500 0.943700
249600 0.943100
249700 0.941400
249800 0.943200
249900 0.943800
250000 0.944000
250100 0.943700
250200 0.943500
250300 0.944400
250400 0.942500
250500 0.938600
250600 0.943500
250700 0.946000
250800 0.943900
250900 0.940700
251000 0.941900
251100 0.944800
251200 0.943600
251300 0.941700
251400 0.941100
251500 0.943300
251600 0.946300
251700 0.944500
251800 0.943900
251900 0.944300
252000 0.944600
252100 0.943700
252200 0.945000
252300 0.944900
252400 0.944400
252500 0.944200
252600 0.944400
252700 0.942900
252800 0.945600
252900 0.942500
253000 0.943400
253100 0.944000
253200 0.945100
253300 0.944400
253400 0.944800
253500 0.944500
253600 0.945700
253700 0.945000
253800 0.943800
253900 0.941900
254000 0.944600
254100 0.942300
254200 0.944500
254300 0.943900
254400 0.942800
254500 0.942700
254600 0.942300
254700 0.937900
254800 0.940700
254900 0.941800
255000 0.943100
255100 0.942300
255200 0.941200
255300 0.943500
255400 0.943000
255500 0.941700
255600 0.944800
255700 0.945100
255800 0.943900
255900 0.943600
256000 0.943300
256100 0.943200
256200 0.944100
256300 0.943300
256400 0.942900
256500 0.944600
256600 0.944200
256700 0.944800
256800 0.942700
256900 0.943800
257000 0.945100
257100 0.941200
257200 0.942900
257300 0.943100
257400 0.944000
257500 0.942900
257600 0.944700
257700 0.943600
257800 0.943000
257900 0.944100
258000 0.942900
258100 0.943800
258200 0.943700
258300 0.938300
258400 0.940800
258500 0.940700
258600 0.942900
258700 0.943600
258800 0.942500
258900 0.942000
259000 0.944300
259100 0.943900
259200 0.942900
259300 0.942500
259400 0.943400
259500 0.939900
259600 0.944500
259700 0.943600
259800 0.943900
259900 0.942000
260000 0.942400
260100 0.941900
260200 0.943800
260300 0.942600
260400 0.940200
260500 0.942600
260600 0.944900
260700 0.944500
260800 0.944300
260900 0.943500
261000 0.944400
261100 0.941000
261200 0.943400
261300 0.943300
261400 0.944100
261500 0.943100
261600 0.944400
261700 0.943400
261800 0.943600
261900 0.943900
262000 0.943800
262100 0.943400
262200 0.942300
262300 0.942600
262400 0.945100
262500 0.943900
262600 0.944600
262700 0.943700
262800 0.943300
262900 0.943100
263000 0.940900
263100 0.943100
263200 0.941400
263300 0.941700
263400 0.943600
263500 0.944900
263600 0.945200
263700 0.945100
263800 0.943700
263900 0.943300
264000 0.942600
264100 0.942600
264200 0.944500
264300 0.942100
264400 0.944100
264500 0.945200
264600 0.946500
264700 0.941900
264800 0.946800
264900 0.946300
265000 0.944000
265100 0.945200
265200 0.944200
265300 0.942900
265400 0.946000
265500 0.943900
265600 0.942900
265700 0.942000
265800 0.944700
265900 0.943600
266000 0.942800
266100 0.945100
266200 0.944900
266300 0.940200
266400 0.942500
266500 0.942200
266600 0.944200
266700 0.945400
266800 0.944000
266900 0.945500
267000 0.939400
267100 0.940400
267200 0.944500
267300 0.941500
267400 0.941400
267500 0.944200
267600 0.944700
267700 0.945200
267800 0.945800
267900 0.944700
268000 0.943300
268100 0.943300
268200 0.940700
268300 0.943600
268400 0.942500
268500 0.940800
268600 0.943000
268700 0.944800
268800 0.943600
268900 0.943300
269000 0.942200
269100 0.944400
269200 0.942300
269300 0.944500
269400 0.941100
269500 0.941200
269600 0.944100
269700 0.944300
269800 0.944600
269900 0.942600
270000 0.943900
270100 0.944700
270200 0.945500
270300 0.945400
270400 0.945600
270500 0.943500
270600 0.946300
270700 0.946100
270800 0.944100
270900 0.942700
271000 0.945000
271100 0.943100
271200 0.944200
271300 0.943700
271400 0.944000
271500 0.940200
271600 0.944000
271700 0.943600
271800 0.943800
271900 0.943600
272000 0.945300
272100 0.944100
272200 0.943400
272300 0.941200
272400 0.943600
272500 0.942700
272600 0.941200
272700 0.946600
272800 0.944100
272900 0.942200
273000 0.943900
273100 0.943200
273200 0.942600
273300 0.944000
273400 0.945000
273500 0.946000
273600 0.944300
273700 0.944700
273800 0.944400
273900 0.943200
274000 0.944600
274100 0.942700
274200 0.945600
274300 0.943500
274400 0.945400
274500 0.943700
274600 0.941700
274700 0.943200
274800 0.942900
274900 0.943600
275000 0.945300
275100 0.944900
275200 0.944900
275300 0.944500
275400 0.945200
275500 0.946000
275600 0.943700
275700 0.944300
275800 0.944000
275900 0.944900
276000 0.944500
276100 0.944600
276200 0.945200
276300 0.943600
276400 0.945400
276500 0.945400
276600 0.945100
276700 0.945600
276800 0.943700
276900 0.944400
277000 0.945500
277100 0.944100
277200 0.944700
277300 0.944000
277400 0.943900
277500 0.943000
277600 0.944200
277700 0.945500
277800 0.946100
277900 0.945300
278000 0.944200
278100 0.946000
278200 0.947200
278300 0.945000
278400 0.944600
278500 0.945600
278600 0.941700
278700 0.946100
278800 0.944300
278900 0.944400
279000 0.946800
279100 0.945700
279200 0.940400
279300 0.945000
279400 0.944100
279500 0.943600
279600 0.942100
279700 0.943800
279800 0.945400
279900 0.941900
280000 0.944400
280100 0.944900
280200 0.944000
280300 0.944500
280400 0.943900
280500 0.939000
280600 0.944100
280700 0.943100
280800 0.940300
280900 0.942400
281000 0.944200
281100 0.943200
281200 0.942200
281300 0.940600
281400 0.940200
281500 0.943300
281600 0.942600
281700 0.943600
281800 0.940200
281900 0.943500
282000 0.942000
282100 0.946100
282200 0.945200
282300 0.944300
282400 0.941400
282500 0.941400
282600 0.942000
282700 0.941900
282800 0.941700
282900 0.943400
283000 0.942100
283100 0.942900
283200 0.940400
283300 0.939500
283400 0.940900
283500 0.942500
283600 0.941800
283700 0.943300
283800 0.943500
283900 0.944700
284000 0.943000
284100 0.944300
284200 0.943500
284300 0.944400
284400 0.944200
284500 0.943400
284600 0.941300
284700 0.941500
284800 0.943200
284900 0.943000
285000 0.945400
285100 0.944900
285200 0.944000
285300 0.944800
285400 0.942800
285500 0.942600
285600 0.943200
285700 0.944700
285800 0.942900
285900 0.943400
286000 0.941700
286100 0.944500
286200 0.944100
286300 0.942200
286400 0.943800
286500 0.945000
286600 0.944200
286700 0.944000
286800 0.940200
286900 0.945400
287000 0.941300
287100 0.943300
287200 0.944600
287300 0.941000
287400 0.943700
287500 0.943900
287600 0.941700
287700 0.943000
287800 0.942200
287900 0.940500
288000 0.944200
288100 0.944400
288200 0.943200
288300 0.944500
288400 0.945100
288500 0.946000
288600 0.944900
288700 0.943400
288800 0.943800
288900 0.944200
289000 0.944700
289100 0.941700
289200 0.942300
289300 0.944100
289400 0.943800
289500 0.942300
289600 0.944100
289700 0.943700
289800 0.942200
289900 0.943000
290000 0.943000
290100 0.944200
290200 0.943500
290300 0.943700
290400 0.945300
290500 0.941900
290600 0.942300
290700 0.942800
290800 0.939600
290900 0.943900
291000 0.943300
291100 0.943500
291200 0.942100
291300 0.945000
291400 0.942300
291500 0.943700
291600 0.943600
291700 0.942500
291800 0.943800
291900 0.944500
292000 0.942400
292100 0.942600
292200 0.941600
292300 0.943000
292400 0.942500
292500 0.941800
292600 0.943000
292700 0.941900
292800 0.941600
292900 0.942300
293000 0.943800
293100 0.943200
293200 0.944000
293300 0.942900
293400 0.942600
293500 0.944800
293600 0.945300
293700 0.939900
293800 0.943200
293900 0.944200
294000 0.943800
294100 0.944600
294200 0.942100
294300 0.942900
294400 0.944500
294500 0.944100
294600 0.945700
294700 0.939300
294800 0.942800
294900 0.940900
295000 0.944400
295100 0.944700
295200 0.942500
295300 0.943300
295400 0.940900
295500 0.945100
295600 0.944000
295700 0.943800
295800 0.947200
295900 0.946600
296000 0.947700
296100 0.945900
296200 0.945600
296300 0.943600
296400 0.946400
296500 0.943900
296600 0.943400
296700 0.942100
296800 0.943900
296900 0.944900
297000 0.946000
297100 0.944900
297200 0.945100
297300 0.944800
297400 0.946200
297500 0.943900
297600 0.943700
297700 0.945900
297800 0.946800
297900 0.945500
298000 0.944300
298100 0.945100
298200 0.944300
298300 0.942300
298400 0.944200
298500 0.941700
298600 0.944300
298700 0.942800
298800 0.946100
298900 0.942700
299000 0.944400
299100 0.946500
299200 0.945300
299300 0.943100
299400 0.944900
299500 0.944000
299600 0.944200
299700 0.942900
299800 0.945300
299900 0.945900
300000 0.946700
300100 0.944400
300200 0.946400
300300 0.946300
300400 0.946500
300500 0.943500
300600 0.946500
300700 0.943700
300800 0.945700
300900 0.947800
301000 0.946000
301100 0.944000
301200 0.944500
301300 0.944000
301400 0.943700
301500 0.945700
301600 0.943300
301700 0.945800
301800 0.945300
301900 0.943500
302000 0.944100
302100 0.944000
302200 0.943000
302300 0.935800
302400 0.942200
302500 0.944000
302600 0.943600
302700 0.943400
302800 0.942200
302900 0.941800
303000 0.944700
303100 0.944800
303200 0.942800
303300 0.942600
303400 0.945000
303500 0.945200
303600 0.943300
303700 0.945900
303800 0.942600
303900 0.942300
304000 0.940700
304100 0.945200
304200 0.944100
304300 0.944500
304400 0.942400
304500 0.943900
304600 0.943600
304700 0.942600
304800 0.942600
304900 0.942700
305000 0.941600
305100 0.940900
305200 0.944200
305300 0.944400
305400 0.945000
305500 0.944500
305600 0.946200
305700 0.945000
305800 0.943700
305900 0.941300
306000 0.942400
306100 0.944500
306200 0.942700
306300 0.944300
306400 0.943000
306500 0.942700
306600 0.945500
306700 0.944300
306800 0.941200
306900 0.941800
307000 0.944100
307100 0.945600
307200 0.943300
307300 0.943200
307400 0.944600
307500 0.944600
307600 0.942400
307700 0.944600
307800 0.942000
307900 0.946100
308000 0.945300
308100 0.942100
308200 0.945100
308300 0.944600
308400 0.940300
308500 0.943500
308600 0.944300
308700 0.942500
308800 0.943100
308900 0.942600
309000 0.941900
309100 0.942200
309200 0.942600
309300 0.943200
309400 0.945000
309500 0.941200
309600 0.945000
309700 0.944200
309800 0.944300
309900 0.944000
310000 0.943200
310100 0.943700
310200 0.941300
310300 0.942500
310400 0.943300
310500 0.944400
310600 0.943600
310700 0.944400
310800 0.942900
310900 0.947000
311000 0.945500
311100 0.945700
311200 0.945300
311300 0.943600
311400 0.946500
311500 0.945600
311600 0.944400
311700 0.940200
311800 0.942200
311900 0.943400
312000 0.945600
312100 0.943600
312200 0.941500
312300 0.944400
312400 0.945500
312500 0.944300
312600 0.945700
312700 0.944500
312800 0.943000
312900 0.945100
313000 0.944800
313100 0.944300
313200 0.946200
313300 0.944700
313400 0.944400
313500 0.945000
313600 0.944400
313700 0.943900
313800 0.943400
313900 0.943000
314000 0.947000
314100 0.946300
314200 0.944000
314300 0.945200
314400 0.943100
314500 0.944200
314600 0.944300
314700 0.942700
314800 0.946200
314900 0.944900
315000 0.945200
315100 0.942400
315200 0.944900
315300 0.944500
315400 0.945900
315500 0.942700
315600 0.941800
315700 0.943200
315800 0.942100
315900 0.945500
316000 0.943300
316100 0.945000
316200 0.937400
316300 0.944300
316400 0.946400
316500 0.938400
316600 0.943100
316700 0.944700
316800 0.945300
316900 0.944300
317000 0.946300
317100 0.946000
317200 0.945800
317300 0.945300
317400 0.942500
317500 0.945000
317600 0.945000
317700 0.945100
317800 0.943200
317900 0.941700
318000 0.946300
318100 0.944300
318200 0.946300
318300 0.944200
318400 0.946300
318500 0.944900
318600 0.946100
318700 0.943700
318800 0.945700
318900 0.944400
319000 0.945300
319100 0.945500
319200 0.943800
319300 0.944300
319400 0.944100
319500 0.942300
319600 0.943300
319700 0.940300
319800 0.943400
319900 0.944800
320000 0.944100
320100 0.943700
320200 0.945500
320300 0.945100
320400 0.942800
320500 0.943200
320600 0.942400
320700 0.945300
320800 0.943300
320900 0.942100
321000 0.943300
321100 0.944800
321200 0.945200
321300 0.943900
321400 0.943000
321500 0.944400
321600 0.946000
321700 0.945000
321800 0.941600
321900 0.942100
322000 0.942900
322100 0.944500
322200 0.945900
322300 0.945700
322400 0.941500
322500 0.943600
322600 0.944400
322700 0.943700
322800 0.944700
322900 0.943900
323000 0.942200
323100 0.944800
323200 0.943600
323300 0.944700
323400 0.943900
323500 0.943900
323600 0.945200
323700 0.944400
323800 0.942100
323900 0.943600
324000 0.944400
324100 0.943900
324200 0.946400
324300 0.945900
324400 0.945900
324500 0.944000
324600 0.944300
324700 0.943900
324800 0.945300
324900 0.943500
325000 0.942300
325100 0.940800
325200 0.944400
325300 0.945500
325400 0.942900
325500 0.942400
325600 0.944200
325700 0.945100
325800 0.940200
325900 0.942800
326000 0.943800
326100 0.942000
326200 0.941400
326300 0.943000
326400 0.944400
326500 0.944900
326600 0.944600
326700 0.943000
326800 0.943500
326900 0.943700
327000 0.942000
327100 0.943100
327200 0.942400
327300 0.944500
327400 0.943200
327500 0.942400
327600 0.944600
327700 0.943400
327800 0.944000
327900 0.943500
328000 0.942000
328100 0.942200
328200 0.942700
328300 0.943700
328400 0.945100
328500 0.944000
328600 0.945600
328700 0.942700
328800 0.945400
328900 0.943900
329000 0.942900
329100 0.944100
329200 0.945300
329300 0.945000
329400 0.943700
329500 0.944700
329600 0.944500
329700 0.942000
329800 0.946900
329900 0.945300
330000 0.945600
330100 0.946000
330200 0.945800
330300 0.943200
330400 0.943600
330500 0.943500
330600 0.944400
330700 0.947300
330800 0.945200
330900 0.944100
331000 0.944900
331100 0.945900
331200 0.944000
331300 0.945200
331400 0.943300
331500 0.945800
331600 0.947500
331700 0.945700
331800 0.945700
331900 0.944000
332000 0.942600
332100 0.944600
332200 0.944300
332300 0.947100
332400 0.945600
332500 0.944000
332600 0.945400
332700 0.943200
332800 0.944100
332900 0.945700
333000 0.946300
333100 0.945200
333200 0.943800
333300 0.944400
333400 0.942700
333500 0.944400
333600 0.946100
333700 0.942800
333800 0.942900
333900 0.943500
334000 0.944800
334100 0.945400
334200 0.946200
334300 0.944600
334400 0.945300
334500 0.945000
334600 0.944100
334700 0.946100
334800 0.945000
334900 0.943700
335000 0.941100
335100 0.945000
335200 0.942500
335300 0.943500
335400 0.943400
335500 0.944200
335600 0.941000
335700 0.943700
335800 0.944900
335900 0.944700
336000 0.946100
336100 0.947200
336200 0.942200
336300 0.944700
336400 0.945800
336500 0.945300
336600 0.945500
336700 0.945100
336800 0.946900
336900 0.943900
337000 0.944500
337100 0.942800
337200 0.944700
337300 0.945700
337400 0.944500
337500 0.944100
337600 0.944700
337700 0.944000
337800 0.943500
337900 0.945400
338000 0.942400
338100 0.943000
338200 0.941100
338300 0.942700
338400 0.941900
338500 0.943500
338600 0.944300
338700 0.943900
338800 0.942300
338900 0.944100
339000 0.946900
339100 0.946600
339200 0.944400
339300 0.945400
339400 0.945600
339500 0.945900
339600 0.944200
339700 0.944900
339800 0.943700
339900 0.946200
340000 0.945500
340100 0.946000
340200 0.943300
340300 0.946000
340400 0.945000
340500 0.945800
340600 0.943100
340700 0.942200
340800 0.943700
340900 0.944300
341000 0.944600
341100 0.943300
341200 0.940700
341300 0.940700
341400 0.943100
341500 0.944300
341600 0.943100
341700 0.943200
341800 0.942300
341900 0.945100
342000 0.943200
342100 0.945400
342200 0.942500
342300 0.943000
342400 0.943400
342500 0.944500
342600 0.944900
342700 0.944100
342800 0.943600
342900 0.943800
343000 0.943400
343100 0.945900
343200 0.945800
343300 0.944800
343400 0.943300
343500 0.945600
343600 0.944500
343700 0.945400
343800 0.944000
343900 0.943500
344000 0.944800
344100 0.942300
344200 0.942600
344300 0.940700
344400 0.942700
344500 0.944100
344600 0.944700
344700 0.944900
344800 0.945600
344900 0.945200
345000 0.944800
345100 0.945100
345200 0.942600
345300 0.942900
345400 0.943500
345500 0.943400
345600 0.945100
345700 0.943500
345800 0.944300
345900 0.943400
346000 0.943600
346100 0.945200
346200 0.943900
346300 0.944500
346400 0.943600
346500 0.944900
346600 0.944700
346700 0.945700
346800 0.945100
346900 0.945300
347000 0.944200
347100 0.944900
347200 0.944600
347300 0.943700
347400 0.943400
347500 0.943200
347600 0.944500
347700 0.944400
347800 0.945500
347900 0.941000
348000 0.945800
348100 0.945300
348200 0.945100
348300 0.945500
348400 0.945900
348500 0.944200
348600 0.942100
348700 0.944000
348800 0.942600
348900 0.942800
349000 0.943000
349100 0.944900
349200 0.944800
349300 0.945000
349400 0.944200
349500 0.946500
349600 0.944500
349700 0.945000
349800 0.942000
349900 0.943000
350000 0.945000
350100 0.943400
350200 0.945200
350300 0.944600
350400 0.944500
350500 0.944900
350600 0.943900
350700 0.944200
350800 0.943000
350900 0.945200
351000 0.944100
351100 0.941600
351200 0.946200
351300 0.946100
351400 0.943900
351500 0.945700
351600 0.946500
351700 0.945400
351800 0.947000
351900 0.947200
352000 0.943400
352100 0.944600
352200 0.945500
352300 0.946900
352400 0.943800
352500 0.944600
352600 0.945600
352700 0.947000
352800 0.943400
352900 0.943200
353000 0.942900
353100 0.944100
353200 0.945400
353300 0.948300
353400 0.944300
353500 0.945000
353600 0.947000
353700 0.944200
353800 0.945000
353900 0.947300
354000 0.946100
354100 0.945300
354200 0.944000
354300 0.945500
354400 0.946100
354500 0.945400
354600 0.945300
354700 0.946000
354800 0.946100
354900 0.946600
355000 0.947600
355100 0.946900
355200 0.943700
355300 0.945200
355400 0.943000
355500 0.946600
355600 0.944100
355700 0.946200
355800 0.945700
355900 0.944000
356000 0.945700
356100 0.944000
356200 0.944600
356300 0.945000
356400 0.944500
356500 0.946800
356600 0.943100
356700 0.945500
356800 0.943800
356900 0.945300
357000 0.946100
357100 0.943600
357200 0.941300
357300 0.944300
357400 0.944000
357500 0.945200
357600 0.945600
357700 0.945400
357800 0.942800
357900 0.944100
358000 0.946100
358100 0.945800
358200 0.944800
358300 0.942600
358400 0.945400
358500 0.944800
358600 0.943000
358700 0.942900
358800 0.946100
358900 0.945700
359000 0.944600
359100 0.945900
359200 0.945300
359300 0.944600
359400 0.946100
359500 0.945400
359600 0.945600
359700 0.945800
359800 0.946700
359900 0.946100
360000 0.946400
360100 0.944300
360200 0.945200
360300 0.946000
360400 0.947000
360500 0.945300
360600 0.946500
360700 0.945500
360800 0.945600
360900 0.944900
361000 0.943000
361100 0.942700
361200 0.945700
361300 0.945900
361400 0.944500
361500 0.945400
361600 0.940600
361700 0.943300
361800 0.945300
361900 0.945500
362000 0.945800
362100 0.944900
362200 0.941500
362300 0.942800
362400 0.947200
362500 0.944800
362600 0.945200
362700 0.945200
362800 0.945400
362900 0.943200
363000 0.942600
363100 0.945200
363200 0.944500
363300 0.945000
363400 0.944800
363500 0.943900
363600 0.943900
363700 0.944300
363800 0.941800
363900 0.943800
364000 0.942600
364100 0.940700
364200 0.943800
364300 0.946900
364400 0.944300
364500 0.945700
364600 0.944500
364700 0.942700
364800 0.944200
364900 0.945100
365000 0.944800
365100 0.944200
365200 0.945200
365300 0.944200
365400 0.945200
365500 0.944000
365600 0.944300
365700 0.945500
365800 0.945800
365900 0.944500
366000 0.945100
366100 0.945000
366200 0.943600
366300 0.941700
366400 0.944400
366500 0.943300
366600 0.941100
366700 0.941100
366800 0.943100
366900 0.944100
367000 0.943800
367100 0.943500
367200 0.945600
367300 0.947400
367400 0.944800
367500 0.943100
367600 0.945100
367700 0.944300
367800 0.942900
367900 0.945100
368000 0.946600
368100 0.944900
368200 0.946000
368300 0.944300
368400 0.946400
368500 0.946300
368600 0.944200
368700 0.946600
368800 0.943300
368900 0.943400
369000 0.944100
369100 0.940900
369200 0.942800
369300 0.942100
369400 0.945300
369500 0.943100
369600 0.943400
369700 0.944500
369800 0.944200
369900 0.944000
370000 0.946100
370100 0.944000
370200 0.943600
370300 0.943500
370400 0.944500
370500 0.945300
370600 0.944700
370700 0.945000
370800 0.945700
370900 0.946500
371000 0.946900
371100 0.946600
371200 0.945100
371300 0.944900
371400 0.945400
371500 0.944700
371600 0.947100
371700 0.945300
371800 0.948100
371900 0.946700
372000 0.944400
372100 0.945600
372200 0.947600
372300 0.945600
372400 0.946500
372500 0.946800
372600 0.946700
372700 0.945100
372800 0.945800
372900 0.944500
373000 0.944400
373100 0.943500
373200 0.944500
373300 0.945000
373400 0.945500
373500 0.942700
373600 0.942600
373700 0.945200
373800 0.944500
373900 0.939500
374000 0.946100
374100 0.943300
374200 0.944000
374300 0.945100
374400 0.943400
374500 0.946400
374600 0.945600
374700 0.943400
374800 0.945200
374900 0.944000
375000 0.944700
375100 0.945200
375200 0.944900
375300 0.944100
375400 0.944900
375500 0.946200
375600 0.943700
375700 0.946000
375800 0.944600
375900 0.945000
376000 0.945800
376100 0.944500
376200 0.945900
376300 0.944800
376400 0.945600
376500 0.945900
376600 0.943700
376700 0.946300
376800 0.945400
376900 0.945000
377000 0.942900
377100 0.943100
377200 0.944700
377300 0.944400
377400 0.947900
377500 0.945300
377600 0.944800
377700 0.944700
377800 0.943700
377900 0.944900
378000 0.947000
378100 0.945300
378200 0.945100
378300 0.944100
378400 0.943200
378500 0.947400
378600 0.944000
378700 0.946500
378800 0.946600
378900 0.945300
379000 0.946800
379100 0.945100
379200 0.947100
379300 0.946900
379400 0.942900
379500 0.944300
379600 0.945500
379700 0.943600
379800 0.946900
379900 0.944700
380000 0.943400
380100 0.948000
380200 0.945300
380300 0.945700
380400 0.946800
380500 0.944600
380600 0.942300
380700 0.946200
380800 0.946300
380900 0.946800
381000 0.944000
381100 0.947200
381200 0.945600
381300 0.946500
381400 0.945900
381500 0.945900
381600 0.947300
381700 0.942300
381800 0.945700
381900 0.945100
382000 0.945400
382100 0.942800
382200 0.943000
382300 0.943300
382400 0.944300
382500 0.945100
382600 0.944400
382700 0.946100
382800 0.944500
382900 0.945000
383000 0.945100
383100 0.946100
383200 0.946800
383300 0.945900
383400 0.944100
383500 0.947300
383600 0.946600
383700 0.945700
383800 0.946000
383900 0.947800
384000 0.946300
384100 0.944700
384200 0.944400
384300 0.945900
384400 0.947100
384500 0.946200
384600 0.946500
384700 0.946500
384800 0.945500
384900 0.945000
385000 0.944900
385100 0.944900
385200 0.945300
385300 0.946400
385400 0.947100
385500 0.945000
385600 0.943400
385700 0.946200
385800 0.945900
385900 0.944800
386000 0.946000
386100 0.947200
386200 0.945900
386300 0.947400
386400 0.943000
386500 0.938700
386600 0.941700
386700 0.944200
386800 0.947200
386900 0.947100
387000 0.946600
387100 0.946900
387200 0.945300
387300 0.944900
387400 0.943700
387500 0.945200
387600 0.945500
387700 0.945900
387800 0.944300
387900 0.945300
388000 0.943700
388100 0.945500
388200 0.943500
388300 0.943500
388400 0.945700
388500 0.946400
388600 0.945400
388700 0.944900
388800 0.944900
388900 0.946700
389000 0.944100
389100 0.942400
389200 0.945400
389300 0.946100
389400 0.939900
389500 0.940500
389600 0.945000
389700 0.944000
389800 0.943500
389900 0.944800
390000 0.946100
390100 0.944500
390200 0.943400
390300 0.943800
390400 0.945200
390500 0.945300
390600 0.945800
390700 0.945600
390800 0.945200
390900 0.943100
391000 0.944600
391100 0.944700
391200 0.945700
391300 0.944700
391400 0.943500
391500 0.943300
391600 0.944700
391700 0.943300
391800 0.944400
391900 0.942700
392000 0.946200
392100 0.943600
392200 0.944800
392300 0.945200
392400 0.943900
392500 0.944900
392600 0.945400
392700 0.946200
392800 0.942500
392900 0.943800
393000 0.944200
393100 0.942300
393200 0.944600
393300 0.942000
393400 0.944200
393500 0.945600
393600 0.943200
393700 0.944300
393800 0.940100
393900 0.940800
394000 0.945800
394100 0.944800
394200 0.945000
394300 0.944200
394400 0.942900
394500 0.945000
394600 0.943800
394700 0.943000
394800 0.943700
394900 0.944200
395000 0.943700
395100 0.941900
395200 0.947800
395300 0.945300
395400 0.946200
395500 0.945000
395600 0.943900
395700 0.944800
395800 0.945900
395900 0.944800
396000 0.942900
396100 0.943600
396200 0.944600
396300 0.944800
396400 0.944600
396500 0.941500
396600 0.948200
396700 0.946600
396800 0.947500
396900 0.944600
397000 0.944200
397100 0.944600
397200 0.946900
397300 0.947500
397400 0.944800
397500 0.947100
397600 0.943300
397700 0.946600
397800 0.944500
397900 0.946400
398000 0.945600
398100 0.946000
398200 0.946600
398300 0.944800
398400 0.946700
398500 0.946400
398600 0.945200
398700 0.947000
398800 0.944300
398900 0.945900
399000 0.941000
399100 0.943200
399200 0.941800
399300 0.943300
399400 0.946700
399500 0.944400
399600 0.944900
399700 0.946900
399800 0.946300
399900 0.946200
400000 0.943800
400100 0.945500
400200 0.945100
400300 0.947000
400400 0.946700
400500 0.946800
400600 0.944500
400700 0.944600
400800 0.943600
400900 0.942500
401000 0.941900
401100 0.942100
401200 0.942000
401300 0.944100
401400 0.945400
401500 0.945000
401600 0.943600
401700 0.945200
401800 0.943400
401900 0.943100
402000 0.944700
402100 0.944800
402200 0.944200
402300 0.943500
402400 0.944100
402500 0.945000
402600 0.945100
402700 0.943100
402800 0.942300
402900 0.942600
403000 0.945500
403100 0.946400
403200 0.946000
403300 0.945500
403400 0.943600
403500 0.944900
403600 0.945100
403700 0.945300
403800 0.945700
403900 0.945600
404000 0.944300
404100 0.946700
404200 0.945600
404300 0.943800
404400 0.944000
404500 0.944100
404600 0.945700
404700 0.944500
404800 0.944000
404900 0.942100
405000 0.942700
405100 0.944600
405200 0.945300
405300 0.943900
405400 0.945200
405500 0.945800
405600 0.943800
405700 0.943000
405800 0.943500
405900 0.945500
406000 0.945500
406100 0.944200
406200 0.944500
406300 0.945200
406400 0.944100
406500 0.946500
406600 0.944200
406700 0.945100
406800 0.945600
406900 0.946100
407000 0.942900
407100 0.945000
407200 0.945700
407300 0.944100
407400 0.945700
407500 0.945200
407600 0.946500
407700 0.945000
407800 0.944900
407900 0.944500
408000 0.945500
408100 0.946300
408200 0.944100
408300 0.945800
408400 0.943000
408500 0.944300
408600 0.943900
408700 0.942300
408800 0.943500
408900 0.946100
409000 0.944600
409100 0.946200
409200 0.944700
409300 0.943500
409400 0.943800
409500 0.946000
409600 0.944100
409700 0.942800
409800 0.944500
409900 0.944400
410000 0.944600
410100 0.943800
410200 0.941900
410300 0.946700
410400 0.945200
410500 0.944400
410600 0.942600
410700 0.944400
410800 0.946000
410900 0.943400
411000 0.944600
411100 0.943100
411200 0.946300
411300 0.944100
411400 0.944700
411500 0.943900
411600 0.944900
411700 0.944300
411800 0.944200
411900 0.942300
412000 0.943300
412100 0.943500
412200 0.943400
412300 0.944000
412400 0.943600
412500 0.945800
412600 0.945400
412700 0.947100
412800 0.946800
412900 0.945500
413000 0.943500
413100 0.945600
413200 0.946400
413300 0.946900
413400 0.946200
413500 0.944900
413600 0.945800
413700 0.945900
413800 0.943500
413900 0.944100
414000 0.945100
414100 0.945700
414200 0.944900
414300 0.945300
414400 0.944300
414500 0.945000
414600 0.946200
414700 0.944100
414800 0.945500
414900 0.944200
415000 0.944800
415100 0.943900
415200 0.946000
415300 0.946200
415400 0.946300
415500 0.945800
415600 0.946500
415700 0.944800
415800 0.947100
415900 0.946900
416000 0.945200
416100 0.945800
416200 0.944900
416300 0.945700
416400 0.945400
416500 0.946300
416600 0.944800
416700 0.943700
416800 0.945300
416900 0.945300
417000 0.945000
417100 0.940500
417200 0.943600
417300 0.943500
417400 0.944200
417500 0.945800
417600 0.944800
417700 0.942600
417800 0.943400
417900 0.941800
418000 0.941200
418100 0.945000
418200 0.945000
418300 0.944100
418400 0.943200
418500 0.945100
418600 0.945100
418700 0.941600
418800 0.945600
418900 0.946000
419000 0.944700
419100 0.942900
419200 0.944200
419300 0.944300
419400 0.943700
419500 0.945800
419600 0.944900
419700 0.942700
419800 0.941700
419900 0.943400
420000 0.944800
420100 0.945100
420200 0.943500
420300 0.944600
420400 0.944800
420500 0.944900
420600 0.945200
420700 0.945400
420800 0.944500
420900 0.946100
421000 0.946200
421100 0.943200
421200 0.944500
421300 0.945500
421400 0.942600
421500 0.945000
421600 0.941700
421700 0.938200
421800 0.943700
421900 0.942800
422000 0.942600
422100 0.943500
422200 0.943900
422300 0.944500
422400 0.942900
422500 0.942800
422600 0.940600
422700 0.941800
422800 0.941700
422900 0.944600
423000 0.943400
423100 0.945300
423200 0.943100
423300 0.945900
423400 0.946300
423500 0.945800
423600 0.943400
423700 0.945300
423800 0.946600
423900 0.944600
424000 0.944500
424100 0.944900
424200 0.946200
424300 0.945500
424400 0.944900
424500 0.945200
424600 0.943200
424700 0.941900
424800 0.941400
424900 0.945400
425000 0.944800
425100 0.943500
425200 0.943300
425300 0.943200
425400 0.944400
425500 0.945900
425600 0.944100
425700 0.943000
425800 0.945500
425900 0.944900
426000 0.944900
426100 0.944400
426200 0.943000
426300 0.943900
426400 0.946000
426500 0.944400
426600 0.945200
426700 0.945400
426800 0.944800
426900 0.944900
427000 0.946900
427100 0.943800
427200 0.944600
427300 0.943800
427400 0.944100
427500 0.945600
427600 0.944600
427700 0.945000
427800 0.944700
427900 0.943800
428000 0.945400
428100 0.942800
428200 0.945000
428300 0.942500
428400 0.943600
428500 0.943200
428600 0.943400
428700 0.943900
428800 0.943900
428900 0.944300
429000 0.945500
429100 0.945600
429200 0.944400
429300 0.946600
429400 0.945900
429500 0.944300
429600 0.945900
429700 0.945500
429800 0.945200
429900 0.942900
430000 0.944300
430100 0.942900
430200 0.945000
430300 0.945000
430400 0.943300
430500 0.945700
430600 0.944600
430700 0.945900
430800 0.944300
430900 0.942800
431000 0.943000
431100 0.940100
431200 0.944000
431300 0.944100
431400 0.945800
431500 0.946600
431600 0.944300
431700 0.944100
431800 0.945200
431900 0.946600
432000 0.944700
432100 0.946400
432200 0.944400
432300 0.946900
432400 0.943600
432500 0.945900
432600 0.944400
432700 0.942400
432800 0.943900
432900 0.945200
433000 0.945400
433100 0.945700
433200 0.943900
433300 0.945200
433400 0.942900
433500 0.944000
433600 0.942800
433700 0.942600
433800 0.944000
433900 0.943500
434000 0.944100
434100 0.945200
434200 0.945700
434300 0.944300
434400 0.943300
434500 0.943800
434600 0.945600
434700 0.942800
434800 0.945300
434900 0.945800
435000 0.944400
435100 0.944300
435200 0.943800
435300 0.945200
435400 0.945900
435500 0.943800
435600 0.944300
435700 0.946600
435800 0.945700
435900 0.945200
436000 0.943800
436100 0.945900
436200 0.945600
436300 0.943400
436400 0.942600
436500 0.945700
436600 0.942400
436700 0.944200
436800 0.945800
436900 0.945900
437000 0.945500
437100 0.945600
437200 0.946000
437300 0.942900
437400 0.945000
437500 0.941600
437600 0.946600
437700 0.945800
437800 0.945100
437900 0.944700
438000 0.944500
438100 0.945200
438200 0.943200
438300 0.944600
438400 0.944100
438500 0.944300
438600 0.944700
438700 0.944600
438800 0.943100
438900 0.938800
439000 0.943100
439100 0.943800
439200 0.943100
439300 0.944300
439400 0.942400
439500 0.943900
439600 0.944700
439700 0.942200
439800 0.945300
439900 0.943800
440000 0.944300
440100 0.944000
440200 0.944100
440300 0.944200
440400 0.943500
440500 0.945000
440600 0.945400
440700 0.945700
440800 0.945200
440900 0.945100
441000 0.943300
441100 0.945600
441200 0.945700
441300 0.943900
441400 0.944300
441500 0.945800
441600 0.944200
441700 0.945600
441800 0.944300
441900 0.945100
442000 0.944300
442100 0.944900
442200 0.943900
442300 0.944000
442400 0.946100
442500 0.943800
442600 0.944200
442700 0.943500
442800 0.944600
442900 0.944900
443000 0.944100
443100 0.945600
443200 0.942600
443300 0.945800
443400 0.944700
443500 0.946600
443600 0.945900
443700 0.944600
443800 0.944800
443900 0.945300
444000 0.945400
444100 0.943600
444200 0.944900
444300 0.945500
444400 0.944900
444500 0.945800
444600 0.946000
444700 0.945900
444800 0.946300
444900 0.944200
445000 0.943300
445100 0.946200
445200 0.945000
445300 0.946600
445400 0.944200
445500 0.942800
445600 0.943200
445700 0.943500
445800 0.944900
445900 0.945400
446000 0.944800
446100 0.942600
446200 0.943900
446300 0.942900
446400 0.944900
446500 0.943300
446600 0.943300
446700 0.944200
446800 0.942600
446900 0.943600
447000 0.942000
447100 0.943800
447200 0.943700
447300 0.942500
447400 0.942500
447500 0.943500
447600 0.943200
447700 0.945100
447800 0.941800
447900 0.942000
448000 0.943200
448100 0.945100
448200 0.943100
448300 0.944700
448400 0.942500
448500 0.942500
448600 0.943900
448700 0.940600
448800 0.941700
448900 0.943700
449000 0.942800
449100 0.944400
449200 0.946000
449300 0.946400
449400 0.944400
449500 0.945000
449600 0.945300
449700 0.944400
449800 0.943500
449900 0.945200
450000 0.945300
450100 0.945000
450200 0.943400
450300 0.944600
450400 0.946700
450500 0.944200
450600 0.944300
450700 0.945300
450800 0.946000
450900 0.943900
451000 0.944100
451100 0.944300
451200 0.944400
451300 0.945200
451400 0.944000
451500 0.942500
451600 0.946600
451700 0.945000
451800 0.944700
451900 0.944300
452000 0.944900
452100 0.944000
452200 0.946700
452300 0.945500
452400 0.943500
452500 0.945500
452600 0.944200
452700 0.944800
452800 0.945000
452900 0.944100
453000 0.943400
453100 0.943400
453200 0.943200
453300 0.945500
453400 0.945000
453500 0.944600
453600 0.945400
453700 0.945600
453800 0.946200
453900 0.944400
454000 0.943100
454100 0.945200
454200 0.944600
454300 0.945300
454400 0.944600
454500 0.944900
454600 0.945200
454700 0.946000
454800 0.944500
454900 0.944000
455000 0.945100
455100 0.942000
455200 0.943700
455300 0.943200
455400 0.943400
455500 0.942900
455600 0.946100
455700 0.945900
455800 0.947100
455900 0.946600
456000 0.948200
456100 0.947200
456200 0.946300
456300 0.945300
456400 0.941700
456500 0.944800
456600 0.945900
456700 0.943200
456800 0.946100
456900 0.944500
457000 0.945200
457100 0.945100
457200 0.944900
457300 0.943400
457400 0.944800
457500 0.945600
457600 0.941800
457700 0.940000
457800 0.941800
457900 0.944300
458000 0.942900
458100 0.945300
458200 0.945000
458300 0.944700
458400 0.945000
458500 0.946400
458600 0.943200
458700 0.944400
458800 0.943800
458900 0.945900
459000 0.943700
459100 0.940800
459200 0.944700
459300 0.945800
459400 0.945900
459500 0.943200
459600 0.944800
459700 0.943800
459800 0.946600
459900 0.945900
460000 0.945500
460100 0.944100
460200 0.946100
460300 0.945700
460400 0.946200
460500 0.943500
460600 0.945800
460700 0.945500
460800 0.945100
460900 0.946500
461000 0.946700
461100 0.944300
461200 0.940000
461300 0.943700
461400 0.946500
461500 0.945300
461600 0.945200
461700 0.946700
461800 0.945900
461900 0.946000
462000 0.945700
462100 0.944300
462200 0.945200
462300 0.943500
462400 0.944400
462500 0.943600
462600 0.944600
462700 0.945800
462800 0.944900
462900 0.946300
463000 0.945100
463100 0.945100
463200 0.947100
463300 0.946800
463400 0.945600
463500 0.945400
463600 0.945800
463700 0.944400
463800 0.945000
463900 0.941200
464000 0.945300
464100 0.946100
464200 0.943100
464300 0.943200
464400 0.947800
464500 0.947000
464600 0.946300
464700 0.945200
464800 0.944600
464900 0.945000
465000 0.946200
465100 0.946100
465200 0.946500
465300 0.944000
465400 0.943300
465500 0.943400
465600 0.941600
465700 0.943400
465800 0.945500
465900 0.945700
466000 0.945300
466100 0.945400
466200 0.948000
466300 0.946800
466400 0.946800
466500 0.947400
466600 0.946700
466700 0.944800
466800 0.946400
466900 0.946600
467000 0.947700
467100 0.945300
467200 0.945700
467300 0.946600
467400 0.945800
467500 0.946200
467600 0.945900
467700 0.948200
467800 0.948600
467900 0.947000
468000 0.945600
468100 0.946800
468200 0.943900
468300 0.944300
468400 0.944000
468500 0.945300
468600 0.946200
468700 0.948400
468800 0.948200
468900 0.947500
469000 0.946300
469100 0.945900
469200 0.946300
469300 0.945700
469400 0.947500
469500 0.945700
469600 0.947100
469700 0.946100
469800 0.945700
469900 0.945200
470000 0.943800
470100 0.946300
470200 0.944500
470300 0.945500
470400 0.945200
470500 0.945000
470600 0.945800
470700 0.946800
470800 0.947100
470900 0.946200
471000 0.944100
471100 0.946600
471200 0.945400
471300 0.945800
471400 0.946600
471500 0.946800
471600 0.945700
471700 0.945100
471800 0.946300
471900 0.947700
472000 0.947400
472100 0.946200
472200 0.948800
472300 0.946800
472400 0.948000
472500 0.947200
472600 0.946800
472700 0.947500
472800 0.944800
472900 0.947600
473000 0.946000
473100 0.946300
473200 0.946000
473300 0.945700
473400 0.946700
473500 0.945200
473600 0.947300
473700 0.946400
473800 0.947500
473900 0.947800
474000 0.945100
474100 0.945100
474200 0.946200
474300 0.947500
474400 0.946700
474500 0.947700
474600 0.943400
474700 0.945000
474800 0.945700
474900 0.946300
475000 0.946100
475100 0.945700
475200 0.946600
475300 0.948200
475400 0.948300
475500 0.946800
475600 0.944900
475700 0.946200
475800 0.945300
475900 0.945700
476000 0.945900
476100 0.945000
476200 0.944100
476300 0.945200
476400 0.946200
476500 0.943300
476600 0.944600
476700 0.946700
476800 0.947700
476900 0.946000
477000 0.946800
477100 0.945700
477200 0.944800
477300 0.947700
477400 0.945600
477500 0.945500
477600 0.942200
477700 0.945600
477800 0.946900
477900 0.946900
478000 0.944000
478100 0.947300
478200 0.944800
478300 0.946500
478400 0.947900
478500 0.945700
478600 0.945900
478700 0.946600
478800 0.948400
478900 0.946500
479000 0.945200
479100 0.947700
479200 0.945500
479300 0.945600
479400 0.946200
479500 0.946200
479600 0.946700
479700 0.943700
479800 0.944000
479900 0.947400
480000 0.947200
480100 0.947200
480200 0.947400
480300 0.947700
480400 0.947300
480500 0.943800
480600 0.945700
480700 0.944800
480800 0.945500
480900 0.945200
481000 0.947200
481100 0.946700
481200 0.947300
481300 0.945900
481400 0.948600
481500 0.947500
481600 0.945700
481700 0.942500
481800 0.946700
481900 0.945900
482000 0.945300
482100 0.947300
482200 0.943700
482300 0.947500
482400 0.945300
482500 0.947100
482600 0.948200
482700 0.947600
482800 0.945100
482900 0.945300
483000 0.946500
483100 0.945400
483200 0.944600
483300 0.944900
483400 0.943300
483500 0.945200
483600 0.945000
483700 0.945700
483800 0.944900
483900 0.946700
484000 0.944500
484100 0.947000
484200 0.943700
484300 0.945400
484400 0.946300
484500 0.946300
484600 0.946000
484700 0.945900
484800 0.946600
484900 0.947300
485000 0.944200
485100 0.945200
485200 0.946900
485300 0.948200
485400 0.945500
485500 0.945800
485600 0.946200
485700 0.947500
485800 0.947100
485900 0.945000
486000 0.945600
486100 0.946700
486200 0.945900
486300 0.945200
486400 0.946100
486500 0.946600
486600 0.947200
486700 0.945400
486800 0.946700
486900 0.947500
487000 0.945300
487100 0.947000
487200 0.945100
487300 0.944800
487400 0.947200
487500 0.946700
487600 0.948800
487700 0.947300
487800 0.944800
487900 0.947500
488000 0.946300
488100 0.943900
488200 0.946100
488300 0.946100
488400 0.945600
488500 0.944700
488600 0.949000
488700 0.944900
488800 0.946000
488900 0.947500
489000 0.947200
489100 0.946100
489200 0.947100
489300 0.946100
489400 0.947900
489500 0.948700
489600 0.946000
489700 0.947400
489800 0.947300
489900 0.947900
490000 0.947700
490100 0.946900
490200 0.945500
490300 0.947900
490400 0.946800
490500 0.947700
490600 0.947900
490700 0.946400
490800 0.946000
490900 0.946900
491000 0.945400
491100 0.945800
491200 0.947900
491300 0.946700
491400 0.947100
491500 0.945700
491600 0.946900
491700 0.947200
491800 0.946500
491900 0.945500
492000 0.944300
492100 0.946400
492200 0.947200
492300 0.945700
492400 0.943800
492500 0.946500
492600 0.947600
492700 0.947100
492800 0.947400
492900 0.946300
493000 0.947000
493100 0.945000
493200 0.947600
493300 0.945600
493400 0.945200
493500 0.945600
493600 0.946800
493700 0.946600
493800 0.944100
493900 0.945300
494000 0.946400
494100 0.947100
494200 0.944000
494300 0.946000
494400 0.947700
494500 0.946500
494600 0.948400
494700 0.948500
494800 0.945800
494900 0.946000
495000 0.947500
495100 0.948900
495200 0.948800
495300 0.947200
495400 0.947800
495500 0.946100
495600 0.947200
495700 0.945900
495800 0.946300
495900 0.946600
496000 0.946900
496100 0.946000
496200 0.946700
496300 0.946500
496400 0.944200
496500 0.946500
496600 0.947000
496700 0.946300
496800 0.947000
496900 0.946400
497000 0.947400
497100 0.945600
497200 0.946000
497300 0.944300
497400 0.945000
497500 0.945400
497600 0.945800
497700 0.946700
497800 0.946800
497900 0.947100
498000 0.945000
498100 0.945900
498200 0.946200
498300 0.946200
498400 0.944600
498500 0.946900
498600 0.945400
498700 0.946300
498800 0.946400
498900 0.948500
499000 0.947500
499100 0.947900
499200 0.946500
499300 0.947000
499400 0.947800
499500 0.946600
499600 0.944000
499700 0.945500
499800 0.944900
499900 0.945200
500000 0.944900
500100 0.945100
500200 0.945500
500300 0.946900
500400 0.946100
500500 0.945000
500600 0.945600
500700 0.945500
500800 0.945000
500900 0.946500
501000 0.947300
501100 0.947400
501200 0.947300
501300 0.946500
501400 0.946000
501500 0.945800
501600 0.946000
501700 0.945400
501800 0.946000
501900 0.945000
502000 0.944800
502100 0.944400
502200 0.945900
502300 0.945800
502400 0.944300
502500 0.945100
502600 0.945000
502700 0.943800
502800 0.943600
502900 0.945300
503000 0.946600
503100 0.942600
503200 0.946000
503300 0.946800
503400 0.947600
503500 0.946200
503600 0.943400
503700 0.946300
503800 0.946300
503900 0.945000
504000 0.940800
504100 0.945500
504200 0.946000
504300 0.944900
504400 0.946400
504500 0.945600
504600 0.944200
504700 0.946700
504800 0.944600
504900 0.944300
505000 0.946100
505100 0.942500
505200 0.945000
505300 0.945300
505400 0.946600
505500 0.946600
505600 0.945700
505700 0.944900
505800 0.945700
505900 0.944800
506000 0.945200
506100 0.946200
506200 0.945500
506300 0.946400
506400 0.944900
506500 0.947800
506600 0.947300
506700 0.945700
506800 0.946500
506900 0.946900
507000 0.946800
507100 0.947600
507200 0.948200
507300 0.947300
507400 0.947800
507500 0.945300
507600 0.944300
507700 0.944800
507800 0.945200
507900 0.945200
508000 0.946200
508100 0.947100
508200 0.948800
508300 0.948000
508400 0.946000
508500 0.947300
508600 0.947100
508700 0.946800
508800 0.946200
508900 0.947400
509000 0.947500
509100 0.948200
509200 0.947500
509300 0.947200
509400 0.947100
509500 0.945800
509600 0.947500
509700 0.945900
509800 0.946300
509900 0.946100
510000 0.945900
510100 0.946800
510200 0.946800
510300 0.944900
510400 0.946700
510500 0.946800
510600 0.946900
510700 0.947700
510800 0.945600
510900 0.944400
511000 0.945700
511100 0.946200
511200 0.947200
511300 0.948000
511400 0.946300
511500 0.945800
511600 0.948400
511700 0.944600
511800 0.945100
511900 0.945600
512000 0.948100
512100 0.947500
512200 0.946900
512300 0.945800
512400 0.946300
512500 0.946600
512600 0.945400
512700 0.947200
512800 0.945100
512900 0.942400
513000 0.944900
513100 0.946000
513200 0.943700
513300 0.944600
513400 0.945900
513500 0.944800
513600 0.947300
513700 0.945600
513800 0.947400
513900 0.946800
514000 0.945100
514100 0.944400
514200 0.946400
514300 0.945500
514400 0.944200
514500 0.946800
514600 0.948200
514700 0.945200
514800 0.943600
514900 0.946600
515000 0.946500
515100 0.945800
515200 0.945400
515300 0.945200
515400 0.944100
515500 0.945000
515600 0.947800
515700 0.947300
515800 0.945500
515900 0.945700
516000 0.944600
516100 0.942300
516200 0.945300
516300 0.945200
516400 0.943900
516500 0.944900
516600 0.946300
516700 0.947300
516800 0.943300
516900 0.943600
517000 0.945900
517100 0.945400
517200 0.944200
517300 0.946400
517400 0.942700
517500 0.946800
517600 0.944900
517700 0.946600
517800 0.945200
517900 0.945800
518000 0.943800
518100 0.944600
518200 0.945100
518300 0.946200
518400 0.945500
518500 0.948200
518600 0.947500
518700 0.945600
518800 0.947600
518900 0.946900
519000 0.946700
519100 0.947000
519200 0.947600
519300 0.947400
519400 0.945700
519500 0.945200
519600 0.945700
519700 0.945600
519800 0.946800
519900 0.945700
520000 0.947400
520100 0.947200
520200 0.946700
520300 0.947200
520400 0.945100
520500 0.945200
520600 0.945200
520700 0.943400
520800 0.943500
520900 0.946100
521000 0.946700
521100 0.946100
521200 0.946300
521300 0.943800
521400 0.943800
521500 0.945700
521600 0.946000
521700 0.946200
521800 0.945600
521900 0.944900
522000 0.945200
522100 0.947400
522200 0.943000
522300 0.943900
522400 0.947500
522500 0.945900
522600 0.946700
522700 0.946500
522800 0.946000
522900 0.941300
523000 0.945600
523100 0.946100
523200 0.947900
523300 0.947800
523400 0.945600
523500 0.945600
523600 0.947200
523700 0.946900
523800 0.945700
523900 0.947500
524000 0.947600
524100 0.945400
524200 0.944400
524300 0.945500
524400 0.943100
524500 0.945500
524600 0.945700
524700 0.946700
524800 0.945300
524900 0.947500
525000 0.946000
525100 0.947600
525200 0.946000
525300 0.945400
525400 0.946800
525500 0.946700
525600 0.947400
525700 0.947200
525800 0.945600
525900 0.940700
526000 0.944700
526100 0.945500
526200 0.946300
526300 0.945100
526400 0.944100
526500 0.944600
526600 0.944500
526700 0.944500
526800 0.943700
526900 0.945000
527000 0.944900
527100 0.944800
527200 0.944600
527300 0.945400
527400 0.945000
527500 0.946400
527600 0.946400
527700 0.944000
527800 0.945700
527900 0.947100
528000 0.944800
528100 0.946900
528200 0.945700
528300 0.942100
528400 0.946400
528500 0.944800
528600 0.946300
528700 0.944200
528800 0.945900
528900 0.946500
529000 0.946700
529100 0.945700
529200 0.947600
529300 0.944000
529400 0.947300
529500 0.946900
529600 0.947200
529700 0.945900
529800 0.945700
529900 0.945100
530000 0.947300
530100 0.946200
530200 0.945100
530300 0.944500
530400 0.947000
530500 0.946800
530600 0.947200
530700 0.944200
530800 0.947400
530900 0.948000
531000 0.947200
531100 0.946000
531200 0.947900
531300 0.946700
531400 0.946300
531500 0.946400
531600 0.946200
531700 0.945100
531800 0.946300
531900 0.946100
532000 0.946100
532100 0.946200
532200 0.945200
532300 0.947000
532400 0.947900
532500 0.946700
532600 0.945600
532700 0.946500
532800 0.942700
532900 0.946300
533000 0.948000
533100 0.946500
533200 0.946900
533300 0.947300
533400 0.948900
533500 0.947900
533600 0.948300
533700 0.943700
533800 0.945300
533900 0.947000
534000 0.947500
534100 0.948100
534200 0.947600
534300 0.946000
534400 0.946500
534500 0.944700
534600 0.945700
534700 0.946800
534800 0.947800
534900 0.947900
535000 0.945500
535100 0.948300
535200 0.946000
535300 0.947200
535400 0.945500
535500 0.946400
535600 0.948500
535700 0.948100
535800 0.947600
535900 0.948100
536000 0.947400
536100 0.946900
536200 0.943600
536300 0.945100
536400 0.946700
536500 0.947500
536600 0.948400
536700 0.948100
536800 0.947700
536900 0.944100
537000 0.945300
537100 0.946600
537200 0.948800
537300 0.945300
537400 0.946900
537500 0.944500
537600 0.946300
537700 0.947600
537800 0.945500
537900 0.944500
538000 0.946500
538100 0.948000
538200 0.947200
538300 0.944600
538400 0.946200
538500 0.946000
538600 0.945000
538700 0.947400
538800 0.946100
538900 0.945200
539000 0.946600
539100 0.948300
539200 0.944600
539300 0.947100
539400 0.947200
539500 0.946700
539600 0.947900
539700 0.947200
539800 0.945700
539900 0.946400
540000 0.945100
540100 0.947600
540200 0.948200
540300 0.945800
540400 0.945100
540500 0.943400
540600 0.943300
540700 0.944800
540800 0.946300
540900 0.947500
541000 0.948300
541100 0.947900
541200 0.947600
541300 0.947600
541400 0.947500
541500 0.947200
541600 0.948000
541700 0.948400
541800 0.946200
541900 0.944700
542000 0.944300
542100 0.947000
542200 0.947000
542300 0.944800
542400 0.946900
542500 0.947500
542600 0.946900
542700 0.946500
542800 0.946700
542900 0.947300
543000 0.947000
543100 0.943700
543200 0.946400
543300 0.948300
543400 0.942500
543500 0.945400
543600 0.946500
543700 0.947900
543800 0.946500
543900 0.945700
544000 0.947400
544100 0.945000
544200 0.945300
544300 0.944500
544400 0.946800
544500 0.945000
544600 0.945400
544700 0.946500
544800 0.945900
544900 0.946600
545000 0.943700
545100 0.946900
545200 0.947300
545300 0.947600
545400 0.946000
545500 0.947000
545600 0.946100
545700 0.944200
545800 0.945800
545900 0.944800
546000 0.946300
546100 0.946600
546200 0.944900
546300 0.944500
546400 0.947100
546500 0.942500
546600 0.946100
546700 0.945600
546800 0.946500
546900 0.945100
547000 0.947100
547100 0.946200
547200 0.946400
547300 0.945700
547400 0.945500
547500 0.944300
547600 0.946300
547700 0.945400
547800 0.944800
547900 0.946000
548000 0.946100
548100 0.945100
548200 0.944400
548300 0.943800
548400 0.946000
548500 0.944900
548600 0.945800
548700 0.945600
548800 0.944800
548900 0.944900
549000 0.946100
549100 0.945100
549200 0.944200
549300 0.946100
549400 0.945900
549500 0.945900
549600 0.945500
549700 0.943700
549800 0.943800
549900 0.945900
550000 0.945800
550100 0.946100
550200 0.946400
550300 0.945900
550400 0.946400
550500 0.946000
550600 0.945900
550700 0.945000
550800 0.944100
550900 0.945900
551000 0.943300
551100 0.946300
551200 0.945900
551300 0.944800
551400 0.944600
551500 0.944900
551600 0.946300
551700 0.946200
551800 0.946800
551900 0.946100
552000 0.944700
552100 0.946600
552200 0.946800
552300 0.946200
552400 0.944200
552500 0.944500
552600 0.946800
552700 0.946100
552800 0.947500
552900 0.948100
553000 0.945600
553100 0.946600
553200 0.945800
553300 0.945900
553400 0.945600
553500 0.946000
553600 0.945100
553700 0.944500
553800 0.941400
553900 0.944800
554000 0.945400
554100 0.944400
554200 0.947000
554300 0.945900
554400 0.946400
554500 0.946300
554600 0.943200
554700 0.944800
554800 0.945700
554900 0.946100
555000 0.947300
555100 0.944700
555200 0.947300
555300 0.947200
555400 0.942000
555500 0.942300
555600 0.944000
555700 0.936100
555800 0.943800
555900 0.942500
556000 0.944800
556100 0.944900
556200 0.943500
556300 0.945800
556400 0.943500
556500 0.942400
556600 0.946100
556700 0.946900
556800 0.945700
556900 0.946200
557000 0.943600
557100 0.947200
557200 0.946400
557300 0.946100
557400 0.942100
557500 0.943000
557600 0.943800
557700 0.944200
557800 0.946200
557900 0.945400
558000 0.945300
558100 0.945500
558200 0.946300
558300 0.946100
558400 0.946900
558500 0.947000
558600 0.945500
558700 0.945900
558800 0.947000
558900 0.947500
559000 0.944400
559100 0.946600
559200 0.946600
559300 0.947400
559400 0.947100
559500 0.944300
559600 0.945500
559700 0.946500
559800 0.947500
559900 0.947200
560000 0.944100
560100 0.946500
560200 0.946800
560300 0.946400
560400 0.945200
560500 0.946700
560600 0.946800
560700 0.947200
560800 0.948100
560900 0.946600
561000 0.945700
561100 0.947300
561200 0.947200
561300 0.944900
561400 0.946000
561500 0.945500
561600 0.946200
561700 0.942500
561800 0.946000
561900 0.947000
562000 0.945700
562100 0.946200
562200 0.945800
562300 0.945400
562400 0.946500
562500 0.947800
562600 0.947100
562700 0.946800
562800 0.945600
562900 0.946900
563000 0.946100
563100 0.945400
563200 0.942700
563300 0.945300
563400 0.946900
563500 0.941700
563600 0.947000
563700 0.945800
563800 0.946900
563900 0.948000
564000 0.947700
564100 0.947300
564200 0.945600
564300 0.945600
564400 0.945600
564500 0.944100
564600 0.947100
564700 0.945000
564800 0.945800
564900 0.946700
565000 0.945800
565100 0.947200
565200 0.945600
565300 0.946300
565400 0.945500
565500 0.945200
565600 0.943700
565700 0.945800
565800 0.945500
565900 0.945000
566000 0.946300
566100 0.946200
566200 0.945500
566300 0.945300
566400 0.945200
566500 0.948300
566600 0.947900
566700 0.947000
566800 0.945500
566900 0.946000
567000 0.946800
567100 0.944300
567200 0.944600
567300 0.947800
567400 0.946400
567500 0.946600
567600 0.945700
567700 0.947600
567800 0.943200
567900 0.943000
568000 0.945600
568100 0.945800
568200 0.944600
568300 0.943800
568400 0.944000
568500 0.945600
568600 0.944600
568700 0.946800
568800 0.944900
568900 0.947000
569000 0.947300
569100 0.945400
569200 0.943700
569300 0.946000
569400 0.946100
569500 0.947600
569600 0.947900
569700 0.946700
569800 0.945700
569900 0.948200
570000 0.945600
570100 0.945700
570200 0.945900
570300 0.945200
570400 0.945000
570500 0.945400
570600 0.944600
570700 0.947000
570800 0.947000
570900 0.945700
571000 0.946000
571100 0.945700
571200 0.944200
571300 0.946100
571400 0.945500
571500 0.945900
571600 0.946900
571700 0.945400
571800 0.947000
571900 0.946700
572000 0.946100
572100 0.944900
572200 0.946000
572300 0.946200
572400 0.947400
572500 0.947500
572600 0.947300
572700 0.946100
572800 0.946700
572900 0.945100
573000 0.945700
573100 0.945600
573200 0.946200
573300 0.947300
573400 0.948200
573500 0.945300
573600 0.945600
573700 0.943000
573800 0.947500
573900 0.944100
574000 0.946300
574100 0.945300
574200 0.947000
574300 0.946700
574400 0.947700
574500 0.946800
574600 0.947600
574700 0.944800
574800 0.945400
574900 0.945400
575000 0.945000
575100 0.945000
575200 0.942900
575300 0.946700
575400 0.945300
575500 0.945900
575600 0.946900
575700 0.946500
575800 0.945100
575900 0.946400
576000 0.945600
576100 0.946500
576200 0.942800
576300 0.945900
576400 0.947200
576500 0.946700
576600 0.945000
576700 0.946600
576800 0.946400
576900 0.945700
577000 0.943700
577100 0.945800
577200 0.943900
577300 0.945800
577400 0.946700
577500 0.945200
577600 0.946800
577700 0.945500
577800 0.946900
577900 0.946600
578000 0.946200
578100 0.944900
578200 0.945300
578300 0.947200
578400 0.946900
578500 0.944500
578600 0.945900
578700 0.945400
578800 0.947500
578900 0.947500
579000 0.947300
579100 0.944400
579200 0.948000
579300 0.947500
579400 0.948000
579500 0.948200
579600 0.946700
579700 0.945400
579800 0.942000
579900 0.945600
580000 0.942100
580100 0.945500
580200 0.946700
580300 0.948300
580400 0.946900
580500 0.947200
580600 0.947600
580700 0.945800
580800 0.948100
580900 0.946900
581000 0.945400
581100 0.947900
581200 0.946200
581300 0.945900
581400 0.946500
581500 0.944600
581600 0.946400
581700 0.946000
581800 0.946400
581900 0.946500
582000 0.947900
582100 0.947100
582200 0.944700
582300 0.945000
582400 0.948700
582500 0.946600
582600 0.944600
582700 0.944500
582800 0.946100
582900 0.945400
583000 0.944900
583100 0.947100
583200 0.945600
583300 0.946100
583400 0.947600
583500 0.947100
583600 0.948300
583700 0.946500
583800 0.946400
583900 0.946400
584000 0.946300
584100 0.945200
584200 0.947300
584300 0.946700
584400 0.945400
584500 0.945600
584600 0.946200
584700 0.945800
584800 0.945400
584900 0.946600
585000 0.945200
585100 0.946100
585200 0.943800
585300 0.945800
585400 0.945700
585500 0.947100
585600 0.947600
585700 0.944000
585800 0.945400
585900 0.945900
586000 0.944500
586100 0.945200
586200 0.947500
586300 0.946500
586400 0.946100
586500 0.946000
586600 0.946600
586700 0.945800
586800 0.942600
586900 0.944500
587000 0.944100
587100 0.945400
587200 0.945800
587300 0.945700
587400 0.944900
587500 0.943500
587600 0.945900
587700 0.945500
587800 0.945700
587900 0.941000
588000 0.942900
588100 0.944500
588200 0.944100
588300 0.943300
588400 0.944900
588500 0.944100
588600 0.944400
588700 0.946300
588800 0.944400
588900 0.944200
589000 0.944300
589100 0.945200
589200 0.945500
589300 0.947400
589400 0.946100
589500 0.944700
589600 0.946500
589700 0.945600
589800 0.947600
589900 0.946400
590000 0.944000
590100 0.946100
590200 0.947500
590300 0.946200
590400 0.945900
590500 0.945900
590600 0.946000
590700 0.946700
590800 0.945700
590900 0.946300
591000 0.945300
591100 0.946500
591200 0.946200
591300 0.947200
591400 0.946600
591500 0.946500
591600 0.946600
591700 0.946700
591800 0.947600
591900 0.946500
592000 0.946100
592100 0.944800
592200 0.945100
592300 0.946500
592400 0.948500
592500 0.946600
592600 0.947200
592700 0.946400
592800 0.946400
592900 0.948200
593000 0.947000
593100 0.948600
593200 0.948200
593300 0.947900
593400 0.947000
593500 0.946000
593600 0.946300
593700 0.946600
593800 0.947500
593900 0.947100
594000 0.946300
594100 0.946600
594200 0.946700
594300 0.946500
594400 0.946100
594500 0.946800
594600 0.946200
594700 0.945900
594800 0.947800
594900 0.945500
595000 0.946700
595100 0.946500
595200 0.944900
595300 0.946300
595400 0.946200
595500 0.944800
595600 0.946600
595700 0.945600
595800 0.947800
595900 0.948300
596000 0.947500
596100 0.945000
596200 0.947200
596300 0.945700
596400 0.946500
596500 0.945200
596600 0.944700
596700 0.945100
596800 0.946800
596900 0.945000
597000 0.944500
597100 0.946600
597200 0.946900
597300 0.947200
597400 0.945300
597500 0.946700
597600 0.946900
597700 0.946000
597800 0.946600
597900 0.946700
598000 0.946100
598100 0.945700
598200 0.944400
598300 0.946000
598400 0.945800
598500 0.947200
598600 0.946600
598700 0.945600
598800 0.945400
598900 0.947500
599000 0.944100
599100 0.944900
599200 0.947500
599300 0.945200
599400 0.944400
599500 0.946700
599600 0.946600
599700 0.944200
599800 0.943900
599900 0.945300
