100 0.327200
200 0.493500
300 0.587700
400 0.675300
500 0.733400
600 0.750200
700 0.783900
800 0.798900
900 0.827000
1000 0.834100
1100 0.840400
1200 0.829800
1300 0.858500
1400 0.858300
1500 0.869000
1600 0.861900
1700 0.874500
1800 0.878100
1900 0.882600
2000 0.873300
2100 0.873700
2200 0.873100
2300 0.877900
2400 0.888400
2500 0.887800
2600 0.893600
2700 0.887700
2800 0.895900
2900 0.896500
3000 0.896700
3100 0.901900
3200 0.891600
3300 0.901500
3400 0.902600
3500 0.902200
3600 0.903100
3700 0.900400
3800 0.906500
3900 0.908900
4000 0.906800
4100 0.904400
4200 0.907400
4300 0.906700
4400 0.908700
4500 0.911500
4600 0.912800
4700 0.906700
4800 0.912700
4900 0.908500
5000 0.909700
5100 0.913800
5200 0.911400
5300 0.912800
5400 0.915100
5500 0.912100
5600 0.913700
5700 0.915100
5800 0.915400
5900 0.915800
6000 0.915500
6100 0.917500
6200 0.917800
6300 0.918800
6400 0.919100
6500 0.918500
6600 0.920600
6700 0.917500
6800 0.919100
6900 0.920200
7000 0.922600
7100 0.924000
7200 0.924600
7300 0.921900
7400 0.924300
7500 0.921900
7600 0.923000
7700 0.913000
7800 0.922200
7900 0.920300
8000 0.924600
8100 0.925100
8200 0.925600
8300 0.924100
8400 0.926400
8500 0.923900
8600 0.925600
8700 0.927100
8800 0.925600
8900 0.928900
9000 0.925000
9100 0.926700
9200 0.924900
9300 0.924000
9400 0.927600
9500 0.929600
9600 0.924500
9700 0.928700
9800 0.927900
9900 0.930400
10000 0.930700
10100 0.933600
10200 0.929800
10300 0.931200
10400 0.927900
10500 0.929600
10600 0.930900
10700 0.929400
10800 0.928900
10900 0.932600
11000 0.930400
11100 0.931200
11200 0.930400
11300 0.931900
11400 0.931400
11500 0.932400
11600 0.927500
11700 0.930100
11800 0.931700
11900 0.932400
12000 0.932500
12100 0.931000
12200 0.933000
12300 0.933200
12400 0.932200
12500 0.933200
12600 0.932200
12700 0.932800
12800 0.933700
12900 0.933700
13000 0.934000
13100 0.931600
13200 0.936600
13300 0.931500
13400 0.934800
13500 0.935000
13600 0.935000
13700 0.936200
13800 0.938100
13900 0.936800
14000 0.937700
14100 0.938700
14200 0.935700
14300 0.936200
14400 0.937100
14500 0.935300
14600 0.938400
14700 0.937700
14800 0.933700
14900 0.937600
15000 0.939200
15100 0.937900
15200 0.935900
15300 0.936900
15400 0.935900
15500 0.936500
15600 0.930500
15700 0.936800
15800 0.937200
15900 0.939200
16000 0.934800
16100 0.939100
16200 0.937300
16300 0.936900
16400 0.936800
16500 0.940700
16600 0.939100
16700 0.941400
16800 0.937000
16900 0.940400
17000 0.939100
17100 0.939700
17200 0.939400
17300 0.939300
17400 0.940700
17500 0.940400
17600 0.938400
17700 0.937600
17800 0.940200
17900 0.937100
18000 0.941300
18100 0.941500
18200 0.940600
18300 0.941500
18400 0.940900
18500 0.938800
18600 0.940000
18700 0.942500
18800 0.944600
18900 0.941700
19000 0.943100
19100 0.943000
19200 0.941800
19300 0.944100
19400 0.942000
19500 0.942800
19600 0.943900
19700 0.941800
19800 0.943600
19900 0.940300
20000 0.940700
20100 0.944500
20200 0.940900
20300 0.943900
20400 0.943500
20500 0.944900
20600 0.944400
20700 0.941200
20800 0.939600
20900 0.941300
21000 0.943900
21100 0.944100
21200 0.942700
21300 0.943400
21400 0.946100
21500 0.944600
21600 0.946100
21700 0.942500
21800 0.944800
21900 0.944000
22000 0.943200
22100 0.943400
22200 0.944000
22300 0.945000
22400 0.944400
22500 0.944400
22600 0.945500
22700 0.944900
22800 0.945300
22900 0.942200
23000 0.942900
23100 0.944500
23200 0.944000
23300 0.941800
23400 0.946100
23500 0.947800
23600 0.945700
23700 0.944400
23800 0.946000
23900 0.945800
24000 0.945100
24100 0.945400
24200 0.945500
24300 0.944900
24400 0.947300
24500 0.947200
24600 0.942800
24700 0.942900
24800 0.943000
24900 0.947500
25000 0.945100
25100 0.945000
25200 0.946200
25300 0.946800
25400 0.947300
25500 0.946400
25600 0.946900
25700 0.944800
25800 0.944300
25900 0.945300
26000 0.947900
26100 0.946500
26200 0.946300
26300 0.948600
26400 0.946300
26500 0.947300
26600 0.946200
26700 0.947400
26800 0.945500
26900 0.945100
27000 0.945400
27100 0.947500
27200 0.947500
27300 0.950400
27400 0.948500
27500 0.947100
27600 0.945700
27700 0.947400
27800 0.947700
27900 0.946700
28000 0.948800
28100 0.947800
28200 0.948000
28300 0.949000
28400 0.950400
28500 0.948900
28600 0.949800
28700 0.949100
28800 0.951000
28900 0.948200
29000 0.949900
29100 0.949600
29200 0.950000
29300 0.948900
29400 0.946400
29500 0.947100
29600 0.947500
29700 0.949100
29800 0.948100
29900 0.950800
30000 0.947600
30100 0.948400
30200 0.948100
30300 0.950300
30400 0.949900
30500 0.947700
30600 0.946900
30700 0.949100
30800 0.951200
30900 0.950800
31000 0.950200
31100 0.950700
31200 0.950200
31300 0.951500
31400 0.951700
31500 0.949600
31600 0.949800
31700 0.951100
31800 0.950400
31900 0.949800
32000 0.951400
32100 0.949400
32200 0.949500
32300 0.949900
32400 0.952400
32500 0.949500
32600 0.950900
32700 0.950500
32800 0.951900
32900 0.950300
33000 0.949300
33100 0.950100
33200 0.950100
33300 0.952400
33400 0.950600
33500 0.951100
33600 0.951600
33700 0.951000
33800 0.951600
33900 0.952300
34000 0.951700
34100 0.949000
34200 0.948100
34300 0.952500
34400 0.951900
34500 0.949500
34600 0.952200
34700 0.953000
34800 0.949900
34900 0.947700
35000 0.951100
35100 0.951400
35200 0.951300
35300 0.952600
35400 0.951200
35500 0.953200
35600 0.952500
35700 0.947800
35800 0.949800
35900 0.951700
36000 0.951400
36100 0.953000
36200 0.951000
36300 0.950100
36400 0.953800
36500 0.952700
36600 0.954900
36700 0.951500
36800 0.951000
36900 0.952700
37000 0.952600
37100 0.954300
37200 0.954200
37300 0.952200
37400 0.952300
37500 0.952600
37600 0.951700
37700 0.950600
37800 0.952200
37900 0.952800
38000 0.954600
38100 0.951300
38200 0.952000
38300 0.953300
38400 0.952100
38500 0.952900
38600 0.954100
38700 0.953800
38800 0.951900
38900 0.952700
39000 0.953100
39100 0.950300
39200 0.951400
39300 0.950800
39400 0.954000
39500 0.952700
39600 0.954900
39700 0.951500
39800 0.950300
39900 0.953700
40000 0.953000
40100 0.952800
40200 0.952700
40300 0.951300
40400 0.953200
40500 0.953300
40600 0.952600
40700 0.951600
40800 0.954000
40900 0.953100
41000 0.953500
41100 0.954200
41200 0.954800
41300 0.951400
41400 0.952400
41500 0.953600
41600 0.952300
41700 0.951700
41800 0.951900
41900 0.952800
42000 0.953500
42100 0.953600
42200 0.952400
42300 0.953000
42400 0.955400
42500 0.953700
42600 0.955000
42700 0.955400
42800 0.953900
42900 0.952400
43000 0.953900
43100 0.955600
43200 0.953500
43300 0.953500
43400 0.952400
43500 0.951400
43600 0.955400
43700 0.955100
43800 0.953700
43900 0.956400
44000 0.955100
44100 0.954200
44200 0.953500
44300 0.955500
44400 0.952900
44500 0.954500
44600 0.953000
44700 0.955000
44800 0.954300
44900 0.954900
45000 0.953200
45100 0.953500
45200 0.954100
45300 0.957600
45400 0.956900
45500 0.954100
45600 0.956100
45700 0.955200
45800 0.956000
45900 0.952200
46000 0.955200
46100 0.955000
46200 0.954600
46300 0.957000
46400 0.955300
46500 0.954700
46600 0.956100
46700 0.957300
46800 0.955000
46900 0.955300
47000 0.957300
47100 0.957100
47200 0.954500
47300 0.956700
47400 0.955500
47500 0.956300
47600 0.955000
47700 0.955900
47800 0.956200
47900 0.956700
48000 0.955100
48100 0.956800
48200 0.953900
48300 0.957300
48400 0.955900
48500 0.956700
48600 0.954300
48700 0.955500
48800 0.953800
48900 0.955800
49000 0.955700
49100 0.954800
49200 0.955500
49300 0.955200
49400 0.956900
49500 0.957300
49600 0.956200
49700 0.954400
49800 0.953600
49900 0.955100
50000 0.955400
50100 0.955000
50200 0.955500
50300 0.955700
50400 0.956900
50500 0.955500
50600 0.955100
50700 0.955300
50800 0.956100
50900 0.955900
51000 0.955100
51100 0.955100
51200 0.954300
51300 0.953600
51400 0.956300
51500 0.955700
51600 0.954100
51700 0.955400
51800 0.957400
51900 0.957600
52000 0.956000
52100 0.956900
52200 0.954600
52300 0.954000
52400 0.958000
52500 0.957300
52600 0.957300
52700 0.958400
52800 0.956100
52900 0.957900
53000 0.956200
53100 0.957400
53200 0.956900
53300 0.956500
53400 0.958400
53500 0.957600
53600 0.957300
53700 0.958600
53800 0.957400
53900 0.959300
54000 0.957800
54100 0.959500
54200 0.957700
54300 0.956400
54400 0.956400
54500 0.954600
54600 0.958200
54700 0.958100
54800 0.957600
54900 0.957900
55000 0.958800
55100 0.958100
55200 0.957900
55300 0.957100
55400 0.956300
55500 0.958200
55600 0.958600
55700 0.958200
55800 0.958400
55900 0.957700
56000 0.956900
56100 0.957600
56200 0.956400
56300 0.958200
56400 0.958700
56500 0.957000
56600 0.958100
56700 0.959200
56800 0.958300
56900 0.958100
57000 0.957600
57100 0.957400
57200 0.957100
57300 0.956500
57400 0.955300
57500 0.957000
57600 0.956400
57700 0.957400
57800 0.956700
57900 0.955700
58000 0.956500
58100 0.956900
58200 0.957600
58300 0.958100
58400 0.957700
58500 0.956000
58600 0.956300
58700 0.957800
58800 0.958400
58900 0.957400
59000 0.956200
59100 0.957100
59200 0.957900
59300 0.957300
59400 0.957800
59500 0.958300
59600 0.958200
59700 0.958200
59800 0.955800
59900 0.957500
60000 0.957200
60100 0.956200
60200 0.956700
60300 0.956700
60400 0.957400
60500 0.958700
60600 0.957600
60700 0.958700
60800 0.957200
60900 0.956800
61000 0.957800
61100 0.958900
61200 0.957000
61300 0.956700
61400 0.958200
61500 0.956600
61600 0.958100
61700 0.956800
61800 0.959700
61900 0.959200
62000 0.957600
62100 0.959100
62200 0.958200
62300 0.957700
62400 0.960000
62500 0.959300
62600 0.958400
62700 0.957700
62800 0.959000
62900 0.958800
63000 0.959400
63100 0.958600
63200 0.960400
63300 0.959600
63400 0.959300
63500 0.957400
63600 0.959900
63700 0.959700
63800 0.958500
63900 0.960300
64000 0.958000
64100 0.959000
64200 0.959200
64300 0.957700
64400 0.957600
64500 0.958400
64600 0.959600
64700 0.959300
64800 0.956200
64900 0.958300
65000 0.956800
65100 0.959700
65200 0.958300
65300 0.958900
65400 0.958700
65500 0.959100
65600 0.957900
65700 0.959000
65800 0.959500
65900 0.958700
66000 0.959800
66100 0.958600
66200 0.958900
66300 0.959100
66400 0.958200
66500 0.960000
66600 0.959900
66700 0.960400
66800 0.960500
66900 0.961100
67000 0.960000
67100 0.955400
67200 0.958900
67300 0.959600
67400 0.959600
67500 0.958800
67600 0.959900
67700 0.959200
67800 0.960200
67900 0.959600
68000 0.957300
68100 0.959800
68200 0.961400
68300 0.959900
68400 0.959500
68500 0.959700
68600 0.958100
68700 0.958400
68800 0.956700
68900 0.959200
69000 0.961300
69100 0.959300
69200 0.958800
69300 0.958200
69400 0.959300
69500 0.960500
69600 0.957900
69700 0.959000
69800 0.959800
69900 0.958900
70000 0.960000
70100 0.961800
70200 0.960800
70300 0.960300
70400 0.959900
70500 0.961300
70600 0.961300
70700 0.960800
70800 0.959900
70900 0.959600
71000 0.961100
71100 0.960700
71200 0.961000
71300 0.961500
71400 0.963700
71500 0.961200
71600 0.961300
71700 0.961900
71800 0.961000
71900 0.961500
72000 0.960300
72100 0.960400
72200 0.960500
72300 0.962000
72400 0.960800
72500 0.958900
72600 0.959800
72700 0.960900
72800 0.958600
72900 0.958400
73000 0.959600
73100 0.957400
73200 0.959600
73300 0.960100
73400 0.959100
73500 0.958000
73600 0.960900
73700 0.960600
73800 0.960400
73900 0.960000
74000 0.959700
74100 0.960100
74200 0.958800
74300 0.960000
74400 0.959700
74500 0.961600
74600 0.961400
74700 0.959400
74800 0.960400
74900 0.959600
75000 0.961400
75100 0.960400
75200 0.961000
75300 0.959100
75400 0.959100
75500 0.959800
75600 0.961200
75700 0.960400
75800 0.958900
75900 0.960600
76000 0.961000
76100 0.959500
76200 0.961200
76300 0.961600
76400 0.960300
76500 0.960600
76600 0.961300
76700 0.961100
76800 0.960800
76900 0.960400
77000 0.962300
77100 0.959100
77200 0.960300
77300 0.962400
77400 0.960100
77500 0.959300
77600 0.960600
77700 0.959600
77800 0.961900
77900 0.960200
78000 0.959200
78100 0.961300
78200 0.960300
78300 0.959700
78400 0.960700
78500 0.960000
78600 0.959400
78700 0.961600
78800 0.961600
78900 0.962100
79000 0.961700
79100 0.961600
79200 0.961800
79300 0.961300
79400 0.962100
79500 0.962700
79600 0.961800
79700 0.961400
79800 0.961100
79900 0.960800
80000 0.961400
80100 0.961600
80200 0.961300
80300 0.961200
80400 0.962300
80500 0.961100
80600 0.961100
80700 0.961200
80800 0.961600
80900 0.959600
81000 0.961500
81100 0.961400
81200 0.960700
81300 0.962300
81400 0.960800
81500 0.961100
81600 0.961400
81700 0.959400
81800 0.959900
81900 0.960000
82000 0.961000
82100 0.961300
82200 0.962500
82300 0.961200
82400 0.959600
82500 0.962500
82600 0.960600
82700 0.961800
82800 0.962500
82900 0.961000
83000 0.961100
83100 0.960000
83200 0.959700
83300 0.960700
83400 0.960600
83500 0.960200
83600 0.960600
83700 0.961300
83800 0.960000
83900 0.960900
84000 0.961500
84100 0.960800
84200 0.961200
84300 0.961800
84400 0.962600
84500 0.962200
84600 0.961900
84700 0.961000
84800 0.961800
84900 0.962100
85000 0.961700
85100 0.960800
85200 0.961300
85300 0.960600
85400 0.961300
85500 0.962900
85600 0.962900
85700 0.963400
85800 0.961600
85900 0.962500
86000 0.961700
86100 0.960900
86200 0.959800
86300 0.961400
86400 0.960900
86500 0.960400
86600 0.960900
86700 0.961800
86800 0.962900
86900 0.962700
87000 0.961100
87100 0.959400
87200 0.962600
87300 0.962200
87400 0.962100
87500 0.962700
87600 0.959900
87700 0.961200
87800 0.963600
87900 0.962200
88000 0.961000
88100 0.961800
88200 0.961900
88300 0.962700
88400 0.963100
88500 0.962200
88600 0.962200
88700 0.961800
88800 0.961400
88900 0.962100
89000 0.960300
89100 0.962300
89200 0.962500
89300 0.961500
89400 0.962800
89500 0.963000
89600 0.963100
89700 0.961200
89800 0.962900
89900 0.963800
90000 0.961600
90100 0.963100
90200 0.962300
90300 0.964000
90400 0.963500
90500 0.963300
90600 0.963900
90700 0.961800
90800 0.962700
90900 0.962300
91000 0.963900
91100 0.964000
91200 0.962600
91300 0.963300
91400 0.963800
91500 0.965200
91600 0.962200
91700 0.961600
91800 0.963300
91900 0.962700
92000 0.963100
92100 0.962600
92200 0.964300
92300 0.964500
92400 0.963400
92500 0.962900
92600 0.962700
92700 0.963600
92800 0.965000
92900 0.962100
93000 0.963300
93100 0.963100
93200 0.962600
93300 0.962500
93400 0.962300
93500 0.962900
93600 0.963000
93700 0.962600
93800 0.963200
93900 0.961900
94000 0.963000
94100 0.963500
94200 0.960800
94300 0.962700
94400 0.963200
94500 0.962000
94600 0.961600
94700 0.963900
94800 0.963100
94900 0.962600
95000 0.962800
95100 0.963000
95200 0.962000
95300 0.961700
95400 0.961700
95500 0.962300
95600 0.963500
95700 0.962800
95800 0.962700
95900 0.963400
96000 0.961200
96100 0.963400
96200 0.963800
96300 0.962700
96400 0.963000
96500 0.962900
96600 0.964300
96700 0.965000
96800 0.964200
96900 0.961800
97000 0.963800
97100 0.962800
97200 0.962800
97300 0.964000
97400 0.962600
97500 0.962700
97600 0.962200
97700 0.962400
97800 0.961400
97900 0.960100
98000 0.964200
98100 0.961600
98200 0.962400
98300 0.963200
98400 0.964100
98500 0.964900
98600 0.963600
98700 0.962700
98800 0.961400
98900 0.960200
99000 0.963800
99100 0.962400
99200 0.962400
99300 0.963400
99400 0.963900
99500 0.964800
99600 0.962700
99700 0.963900
99800 0.963900
99900 0.963400
100000 0.963800
100100 0.962500
100200 0.962500
100300 0.963000
100400 0.963000
100500 0.963200
100600 0.963300
100700 0.963500
100800 0.963000
100900 0.962300
101000 0.962700
101100 0.963600
101200 0.962800
101300 0.961300
101400 0.961500
101500 0.963200
101600 0.962500
101700 0.963900
101800 0.963100
101900 0.963700
102000 0.963100
102100 0.963900
102200 0.964000
102300 0.963700
102400 0.963500
102500 0.964200
102600 0.963900
102700 0.964600
102800 0.963800
102900 0.963700
103000 0.963400
103100 0.963400
103200 0.964700
103300 0.964400
103400 0.963900
103500 0.964200
103600 0.964900
103700 0.964500
103800 0.963100
103900 0.963000
104000 0.963900
104100 0.964400
104200 0.964800
104300 0.964400
104400 0.963900
104500 0.962900
104600 0.961900
104700 0.962900
104800 0.962300
104900 0.962100
105000 0.963500
105100 0.962900
105200 0.962700
105300 0.963600
105400 0.964500
105500 0.964100
105600 0.964400
105700 0.963700
105800 0.963000
105900 0.963900
106000 0.962000
106100 0.961400
106200 0.963600
106300 0.963900
106400 0.964500
106500 0.963300
106600 0.964100
106700 0.964400
106800 0.964800
106900 0.964200
107000 0.963800
107100 0.963900
107200 0.963700
107300 0.963500
107400 0.963500
107500 0.964000
107600 0.964500
107700 0.965100
107800 0.964700
107900 0.964700
108000 0.964900
108100 0.964000
108200 0.964600
108300 0.964200
108400 0.963000
108500 0.964400
108600 0.962900
108700 0.962400
108800 0.963800
108900 0.963000
109000 0.961400
109100 0.962100
109200 0.963200
109300 0.964800
109400 0.964800
109500 0.965000
109600 0.964700
109700 0.964500
109800 0.964300
109900 0.964100
110000 0.962600
110100 0.964600
110200 0.964400
110300 0.962800
110400 0.964500
110500 0.964800
110600 0.965300
110700 0.964200
110800 0.965100
110900 0.964200
111000 0.964600
111100 0.964400
111200 0.964100
111300 0.964800
111400 0.964500
111500 0.965100
111600 0.964800
111700 0.964700
111800 0.963400
111900 0.965100
112000 0.964200
112100 0.964800
112200 0.964600
112300 0.964700
112400 0.964000
112500 0.964700
112600 0.963500
112700 0.964500
112800 0.963700
112900 0.965200
113000 0.964100
113100 0.963600
113200 0.963800
113300 0.962900
113400 0.964100
113500 0.964300
113600 0.963100
113700 0.962800
113800 0.965000
113900 0.965900
114000 0.965000
114100 0.964400
114200 0.966200
114300 0.963500
114400 0.964900
114500 0.963500
114600 0.964400
114700 0.963800
114800 0.963800
114900 0.962700
115000 0.963600
115100 0.963800
115200 0.965400
115300 0.965100
115400 0.963800
115500 0.964700
115600 0.965000
115700 0.965100
115800 0.963500
115900 0.965000
116000 0.964300
116100 0.964600
116200 0.964100
116300 0.964800
116400 0.964700
116500 0.965400
116600 0.965300
116700 0.965400
116800 0.963800
116900 0.965500
117000 0.965100
117100 0.964700
117200 0.965700
117300 0.963500
117400 0.964100
117500 0.964200
117600 0.965200
117700 0.963900
117800 0.963900
117900 0.963900
118000 0.964400
118100 0.963800
118200 0.964600
118300 0.965900
118400 0.965700
118500 0.964800
118600 0.965000
118700 0.965600
118800 0.966100
118900 0.964600
119000 0.966800
119100 0.965500
119200 0.964600
119300 0.963400
119400 0.964800
119500 0.966500
119600 0.965300
119700 0.966600
119800 0.965700
119900 0.964400
120000 0.962400
120100 0.964300
120200 0.965200
120300 0.964900
120400 0.964700
120500 0.965500
120600 0.965000
120700 0.964800
120800 0.965400
120900 0.965600
121000 0.965000
121100 0.964600
121200 0.964700
121300 0.965800
121400 0.966000
121500 0.965300
121600 0.964800
121700 0.961700
121800 0.964900
121900 0.964500
122000 0.965200
122100 0.966800
122200 0.964900
122300 0.964000
122400 0.965200
122500 0.962000
122600 0.964100
122700 0.963700
122800 0.964200
122900 0.964400
123000 0.964500
123100 0.964600
123200 0.964200
123300 0.963800
123400 0.963300
123500 0.961900
123600 0.962700
123700 0.963000
123800 0.963200
123900 0.964900
124000 0.963400
124100 0.962300
124200 0.964500
124300 0.963500
124400 0.966100
124500 0.965700
124600 0.965000
124700 0.964200
124800 0.965300
124900 0.964600
125000 0.964000
125100 0.965700
125200 0.964100
125300 0.965300
125400 0.964600
125500 0.964600
125600 0.964400
125700 0.965900
125800 0.963500
125900 0.963600
126000 0.965200
126100 0.965700
126200 0.964300
126300 0.964400
126400 0.965100
126500 0.964900
126600 0.965000
126700 0.964100
126800 0.963600
126900 0.964100
127000 0.964900
127100 0.963700
127200 0.965200
127300 0.965600
127400 0.965500
127500 0.965100
127600 0.965100
127700 0.963700
127800 0.965200
127900 0.965100
128000 0.964800
128100 0.964900
128200 0.965800
128300 0.965200
128400 0.964200
128500 0.965300
128600 0.963800
128700 0.965600
128800 0.965000
128900 0.964100
129000 0.964500
129100 0.965300
129200 0.965300
129300 0.965000
129400 0.964800
129500 0.964100
129600 0.966000
129700 0.965800
129800 0.965600
129900 0.964800
130000 0.965600
130100 0.966300
130200 0.965500
130300 0.965600
130400 0.965700
130500 0.966300
130600 0.965900
130700 0.965100
130800 0.966100
130900 0.966100
131000 0.965400
131100 0.964600
131200 0.964900
131300 0.965600
131400 0.963600
131500 0.964700
131600 0.964100
131700 0.964900
131800 0.964400
131900 0.963600
132000 0.964900
132100 0.964500
132200 0.964800
132300 0.965600
132400 0.965200
132500 0.965400
132600 0.965700
132700 0.965500
132800 0.964200
132900 0.965600
133000 0.965100
133100 0.963600
133200 0.965100
133300 0.964500
133400 0.964700
133500 0.965500
133600 0.963800
133700 0.964900
133800 0.965900
133900 0.965800
134000 0.965500
134100 0.966700
134200 0.966000
134300 0.966000
134400 0.966200
134500 0.966600
134600 0.965300
134700 0.965500
134800 0.964100
134900 0.966200
135000 0.964900
135100 0.965800
135200 0.965300
135300 0.964000
135400 0.964600
135500 0.964900
135600 0.964800
135700 0.965700
135800 0.965400
135900 0.965200
136000 0.966200
136100 0.964800
136200 0.964000
136300 0.966100
136400 0.966500
136500 0.964900
136600 0.965700
136700 0.965600
136800 0.966200
136900 0.965000
137000 0.964900
137100 0.966000
137200 0.964700
137300 0.965400
137400 0.964900
137500 0.965600
137600 0.965600
137700 0.964700
137800 0.964700
137900 0.965400
138000 0.964900
138100 0.965100
138200 0.964000
138300 0.964100
138400 0.965200
138500 0.965100
138600 0.964300
138700 0.965300
138800 0.964000
138900 0.964800
139000 0.965100
139100 0.966300
139200 0.965500
139300 0.965700
139400 0.966300
139500 0.965600
139600 0.965100
139700 0.966400
139800 0.965900
139900 0.965900
140000 0.965400
140100 0.965100
140200 0.965000
140300 0.965500
140400 0.965600
140500 0.966400
140600 0.964900
140700 0.965900
140800 0.965500
140900 0.965800
141000 0.966700
141100 0.966300
141200 0.966000
141300 0.965900
141400 0.965700
141500 0.965300
141600 0.964900
141700 0.965300
141800 0.965400
141900 0.965000
142000 0.963300
142100 0.965800
142200 0.966000
142300 0.966400
142400 0.965900
142500 0.966200
142600 0.965900
142700 0.965700
142800 0.966000
142900 0.966200
143000 0.966400
143100 0.965800
143200 0.965600
143300 0.966200
143400 0.966400
143500 0.966100
143600 0.965600
143700 0.964600
143800 0.965000
143900 0.964600
144000 0.965300
144100 0.965400
144200 0.965800
144300 0.964700
144400 0.966300
144500 0.964400
144600 0.965400
144700 0.965700
144800 0.966600
144900 0.965000
145000 0.966600
145100 0.966600
145200 0.965000
145300 0.966200
145400 0.965300
145500 0.965900
145600 0.965900
145700 0.966800
145800 0.967000
145900 0.965700
146000 0.966200
146100 0.964600
146200 0.964600
146300 0.964500
146400 0.966300
146500 0.965800
146600 0.964200
146700 0.965800
146800 0.965800
146900 0.966800
147000 0.966200
147100 0.966900
147200 0.967700
147300 0.967300
147400 0.967500
147500 0.965900
147600 0.966600
147700 0.966200
147800 0.966300
147900 0.966000
148000 0.966700
148100 0.965900
148200 0.966600
148300 0.965900
148400 0.965800
148500 0.965400
148600 0.965700
148700 0.966700
148800 0.966400
148900 0.968100
149000 0.967500
149100 0.965900
149200 0.965900
149300 0.966200
149400 0.967200
149500 0.967000
149600 0.965800
149700 0.966500
149800 0.965800
149900 0.966400
150000 0.966700
150100 0.967200
150200 0.967800
150300 0.967200
150400 0.966400
150500 0.966100
150600 0.965700
150700 0.966700
150800 0.965100
150900 0.966400
151000 0.965600
151100 0.967600
151200 0.965400
151300 0.966400
151400 0.965500
151500 0.965700
151600 0.966300
151700 0.967200
151800 0.966400
151900 0.966800
152000 0.965200
152100 0.966600
152200 0.967500
152300 0.966400
152400 0.965900
152500 0.965400
152600 0.966500
152700 0.967000
152800 0.965800
152900 0.965600
153000 0.966100
153100 0.967300
153200 0.967100
153300 0.966800
153400 0.964700
153500 0.966800
153600 0.967400
153700 0.966500
153800 0.967000
153900 0.967100
154000 0.968100
154100 0.966100
154200 0.967100
154300 0.966200
154400 0.965900
154500 0.965100
154600 0.965200
154700 0.966500
154800 0.966300
154900 0.966800
155000 0.967300
155100 0.967500
155200 0.965700
155300 0.966100
155400 0.966400
155500 0.966900
155600 0.966100
155700 0.967300
155800 0.966700
155900 0.965800
156000 0.966600
156100 0.966900
156200 0.966600
156300 0.966100
156400 0.966500
156500 0.965600
156600 0.966100
156700 0.967300
156800 0.965900
156900 0.964100
157000 0.965600
157100 0.967500
157200 0.966900
157300 0.966200
157400 0.966700
157500 0.965100
157600 0.966300
157700 0.966200
157800 0.967200
157900 0.966800
158000 0.965900
158100 0.966000
158200 0.966700
158300 0.966300
158400 0.965500
158500 0.965600
158600 0.965800
158700 0.965500
158800 0.966100
158900 0.965300
159000 0.964500
159100 0.964700
159200 0.965300
159300 0.966500
159400 0.966800
159500 0.965600
159600 0.966900
159700 0.967400
159800 0.966900
159900 0.965600
160000 0.966400
160100 0.966700
160200 0.966900
160300 0.966100
160400 0.966300
160500 0.967700
160600 0.966400
160700 0.966300
160800 0.966400
160900 0.965700
161000 0.965600
161100 0.965900
161200 0.964900
161300 0.966400
161400 0.966600
161500 0.964600
161600 0.964900
161700 0.964300
161800 0.964400
161900 0.963400
162000 0.965000
162100 0.964600
162200 0.964900
162300 0.966800
162400 0.965400
162500 0.965200
162600 0.965500
162700 0.963900
162800 0.965300
162900 0.964400
163000 0.965800
163100 0.965100
163200 0.964700
163300 0.964800
163400 0.965700
163500 0.964700
163600 0.964500
163700 0.964000
163800 0.964500
163900 0.964900
164000 0.965900
164100 0.966200
164200 0.967200
164300 0.965300
164400 0.965700
164500 0.965400
164600 0.966200
164700 0.965900
164800 0.966400
164900 0.966800
165000 0.966300
165100 0.966600
165200 0.966300
165300 0.966300
165400 0.965900
165500 0.966300
165600 0.966200
165700 0.966000
165800 0.965900
165900 0.965900
166000 0.966000
166100 0.966000
166200 0.965500
166300 0.965100
166400 0.966000
166500 0.964400
166600 0.965000
166700 0.966400
166800 0.965900
166900 0.966700
167000 0.966800
167100 0.967400
167200 0.967000
167300 0.966100
167400 0.967000
167500 0.965300
167600 0.965100
167700 0.966000
167800 0.967100
167900 0.966800
168000 0.965800
168100 0.966300
168200 0.966600
168300 0.966100
168400 0.965300
168500 0.965100
168600 0.966600
168700 0.966000
168800 0.966400
168900 0.966300
169000 0.965800
169100 0.964800
169200 0.965700
169300 0.966000
169400 0.966700
169500 0.966200
169600 0.966400
169700 0.967100
169800 0.966400
169900 0.965800
170000 0.966400
170100 0.966300
170200 0.965300
170300 0.967000
170400 0.966000
170500 0.966700
170600 0.967400
170700 0.966300
170800 0.966900
170900 0.966000
171000 0.965900
171100 0.965900
171200 0.966300
171300 0.966400
171400 0.966100
171500 0.966100
171600 0.967100
171700 0.966400
171800 0.965700
171900 0.965400
172000 0.965200
172100 0.967200
172200 0.967000
172300 0.966600
172400 0.966600
172500 0.966800
172600 0.965100
172700 0.964900
172800 0.965500
172900 0.966500
173000 0.965900
173100 0.965000
173200 0.966400
173300 0.966700
173400 0.966400
173500 0.965200
173600 0.965500
173700 0.966200
173800 0.967000
173900 0.967400
174000 0.966800
174100 0.966900
174200 0.966000
174300 0.966200
174400 0.966100
174500 0.966400
174600 0.966400
174700 0.965200
174800 0.965800
174900 0.964500
175000 0.966500
175100 0.966400
175200 0.966400
175300 0.966800
175400 0.964900
175500 0.966500
175600 0.967000
175700 0.967100
175800 0.967400
175900 0.966300
176000 0.964600
176100 0.966400
176200 0.966200
176300 0.966200
176400 0.965500
176500 0.967300
176600 0.967100
176700 0.966400
176800 0.965800
176900 0.966300
177000 0.966600
177100 0.965200
177200 0.965900
177300 0.966800
177400 0.966900
177500 0.966600
177600 0.965600
177700 0.966500
177800 0.966600
177900 0.966900
178000 0.965800
178100 0.966400
178200 0.967000
178300 0.966700
178400 0.966700
178500 0.967300
178600 0.967400
178700 0.967700
178800 0.967700
178900 0.967500
179000 0.967000
179100 0.967900
179200 0.966800
179300 0.966700
179400 0.966400
179500 0.965900
179600 0.966900
179700 0.967400
179800 0.967600
179900 0.965900
180000 0.967200
180100 0.967400
180200 0.966900
180300 0.966600
180400 0.968100
180500 0.967600
180600 0.966000
180700 0.967400
180800 0.967000
180900 0.965800
181000 0.967500
181100 0.966000
181200 0.966600
181300 0.966600
181400 0.965600
181500 0.966500
181600 0.965800
181700 0.966000
181800 0.964600
181900 0.966500
182000 0.966300
182100 0.967200
182200 0.966600
182300 0.966200
182400 0.967000
182500 0.966800
182600 0.966600
182700 0.967000
182800 0.966200
182900 0.966100
183000 0.966600
183100 0.966600
183200 0.966700
183300 0.967100
183400 0.965900
183500 0.966300
183600 0.966100
183700 0.965900
183800 0.966700
183900 0.966600
184000 0.968200
184100 0.967500
184200 0.967600
184300 0.965900
184400 0.966000
184500 0.965200
184600 0.967500
184700 0.966500
184800 0.967600
184900 0.966500
185000 0.966100
185100 0.967400
185200 0.966000
185300 0.966900
185400 0.967700
185500 0.966500
185600 0.968200
185700 0.965800
185800 0.965800
185900 0.966800
186000 0.965500
186100 0.966500
186200 0.966800
186300 0.966300
186400 0.967900
186500 0.966400
186600 0.967600
186700 0.967400
186800 0.966300
186900 0.965600
187000 0.965200
187100 0.967600
187200 0.967500
187300 0.967300
187400 0.967400
187500 0.966600
187600 0.967500
187700 0.968400
187800 0.967800
187900 0.966600
188000 0.966400
188100 0.966800
188200 0.966500
188300 0.967700
188400 0.965500
188500 0.966800
188600 0.967600
188700 0.966700
188800 0.966200
188900 0.966800
189000 0.964500
189100 0.968100
189200 0.967100
189300 0.967400
189400 0.967000
189500 0.967800
189600 0.967200
189700 0.967700
189800 0.965800
189900 0.966400
190000 0.967100
190100 0.967400
190200 0.966600
190300 0.967500
190400 0.966100
190500 0.966200
190600 0.966800
190700 0.967600
190800 0.967000
190900 0.966900
191000 0.966800
191100 0.967600
191200 0.966600
191300 0.965800
191400 0.966800
191500 0.966900
191600 0.965800
191700 0.966300
191800 0.965600
191900 0.967100
192000 0.966700
192100 0.966600
192200 0.966900
192300 0.968000
192400 0.966300
192500 0.966200
192600 0.967600
192700 0.968100
192800 0.968000
192900 0.967300
193000 0.967000
193100 0.966600
193200 0.966900
193300 0.967300
193400 0.968100
193500 0.967000
193600 0.966300
193700 0.966300
193800 0.966700
193900 0.967600
194000 0.967300
194100 0.966400
194200 0.967000
194300 0.966700
194400 0.966300
194500 0.966200
194600 0.965800
194700 0.967000
194800 0.966600
194900 0.967500
195000 0.966900
195100 0.967300
195200 0.965600
195300 0.967800
195400 0.966700
195500 0.967600
195600 0.967500
195700 0.966900
195800 0.966600
195900 0.967300
196000 0.966600
196100 0.967900
196200 0.967600
196300 0.968200
196400 0.967100
196500 0.966800
196600 0.967300
196700 0.967200
196800 0.967000
196900 0.966800
197000 0.967100
197100 0.966600
197200 0.967100
197300 0.967400
197400 0.966900
197500 0.966800
197600 0.967000
197700 0.967100
197800 0.967100
197900 0.967600
198000 0.967700
198100 0.966700
198200 0.966400
198300 0.966900
198400 0.966600
198500 0.965600
198600 0.966900
198700 0.966800
198800 0.967600
198900 0.966900
199000 0.967700
199100 0.967500
199200 0.966800
199300 0.966600
199400 0.967300
199500 0.966200
199600 0.966600
199700 0.968400
199800 0.968600
199900 0.968100
200000 0.967100
200100 0.966700
200200 0.965900
200300 0.965100
200400 0.966700
200500 0.967700
200600 0.967900
200700 0.966400
200800 0.964900
200900 0.966300
201000 0.967600
201100 0.967600
201200 0.967300
201300 0.967300
201400 0.967200
201500 0.968200
201600 0.967400
201700 0.967400
201800 0.966700
201900 0.967800
202000 0.967300
202100 0.967400
202200 0.966900
202300 0.967000
202400 0.966700
202500 0.966900
202600 0.967000
202700 0.967300
202800 0.966400
202900 0.966400
203000 0.966200
203100 0.966000
203200 0.967400
203300 0.967000
203400 0.966200
203500 0.966600
203600 0.966600
203700 0.966900
203800 0.968300
203900 0.968400
204000 0.968700
204100 0.967100
204200 0.966800
204300 0.966500
204400 0.966900
204500 0.964900
204600 0.966700
204700 0.967300
204800 0.968000
204900 0.967100
205000 0.966700
205100 0.967200
205200 0.969100
205300 0.967500
205400 0.968700
205500 0.968300
205600 0.968300
205700 0.969100
205800 0.968800
205900 0.968400
206000 0.968500
206100 0.968200
206200 0.969200
206300 0.966700
206400 0.968600
206500 0.967200
206600 0.967700
206700 0.967600
206800 0.967900
206900 0.966100
207000 0.967300
207100 0.967300
207200 0.967900
207300 0.967000
207400 0.967300
207500 0.967000
207600 0.966200
207700 0.966400
207800 0.966700
207900 0.966300
208000 0.968000
208100 0.966500
208200 0.967400
208300 0.967300
208400 0.967500
208500 0.967500
208600 0.967400
208700 0.967600
208800 0.968000
208900 0.967000
209000 0.967800
209100 0.968200
209200 0.965900
209300 0.966500
209400 0.967200
209500 0.966500
209600 0.967100
209700 0.967800
209800 0.967900
209900 0.967300
210000 0.967600
210100 0.966300
210200 0.966900
210300 0.966800
210400 0.967200
210500 0.966600
210600 0.967300
210700 0.966700
210800 0.967700
210900 0.967500
211000 0.966700
211100 0.966700
211200 0.966700
211300 0.965800
211400 0.967400
211500 0.965400
211600 0.966000
211700 0.966300
211800 0.966200
211900 0.967000
212000 0.968200
212100 0.966800
212200 0.966900
212300 0.967200
212400 0.967500
212500 0.967800
212600 0.967000
212700 0.966800
212800 0.968200
212900 0.968300
213000 0.967100
213100 0.967600
213200 0.966900
213300 0.967400
213400 0.967500
213500 0.966900
213600 0.967200
213700 0.968300
213800 0.967000
213900 0.966800
214000 0.967600
214100 0.967100
214200 0.968100
214300 0.967700
214400 0.966200
214500 0.967800
214600 0.968600
214700 0.968900
214800 0.967400
214900 0.968800
215000 0.967900
215100 0.967500
215200 0.968800
215300 0.968400
215400 0.967900
215500 0.967000
215600 0.967600
215700 0.967400
215800 0.967200
215900 0.968300
216000 0.967000
216100 0.967100
216200 0.967900
216300 0.967600
216400 0.968100
216500 0.968400
216600 0.967700
216700 0.967800
216800 0.967000
216900 0.966300
217000 0.967200
217100 0.967600
217200 0.967500
217300 0.966500
217400 0.967600
217500 0.967900
217600 0.968200
217700 0.968000
217800 0.966900
217900 0.967100
218000 0.967600
218100 0.967100
218200 0.967400
218300 0.966800
218400 0.966200
218500 0.966100
218600 0.967400
218700 0.967500
218800 0.966900
218900 0.967200
219000 0.967000
219100 0.967400
219200 0.966900
219300 0.967400
219400 0.967800
219500 0.967900
219600 0.967000
219700 0.966900
219800 0.965600
219900 0.965800
220000 0.967200
220100 0.966800
220200 0.966900
220300 0.968200
220400 0.967700
220500 0.966800
220600 0.967000
220700 0.967800
220800 0.968300
220900 0.968400
221000 0.967200
221100 0.967300
221200 0.967900
221300 0.966800
221400 0.966400
221500 0.965900
221600 0.967400
221700 0.966800
221800 0.967700
221900 0.968300
222000 0.968100
222100 0.968200
222200 0.967100
222300 0.966900
222400 0.967600
222500 0.966800
222600 0.967700
222700 0.968100
222800 0.967300
222900 0.966600
223000 0.967400
223100 0.966400
223200 0.967300
223300 0.967900
223400 0.967200
223500 0.967200
223600 0.967300
223700 0.967600
223800 0.968200
223900 0.967300
224000 0.967300
224100 0.967400
224200 0.967700
224300 0.966600
224400 0.966700
224500 0.967700
224600 0.967600
224700 0.968900
224800 0.967400
224900 0.966400
225000 0.967200
225100 0.967300
225200 0.968300
225300 0.967300
225400 0.966100
225500 0.968400
225600 0.966600
225700 0.967600
225800 0.967500
225900 0.968100
226000 0.968000
226100 0.967000
226200 0.967400
226300 0.968700
226400 0.968700
226500 0.967300
226600 0.968400
226700 0.968900
226800 0.967000
226900 0.967600
227000 0.966300
227100 0.968300
227200 0.967700
227300 0.966900
227400 0.967700
227500 0.965900
227600 0.967800
227700 0.966600
227800 0.967500
227900 0.968100
228000 0.967400
228100 0.967200
228200 0.968100
228300 0.968800
228400 0.968600
228500 0.967900
228600 0.966900
228700 0.968000
228800 0.967400
228900 0.967400
229000 0.967700
229100 0.967800
229200 0.968100
229300 0.968000
229400 0.968100
229500 0.968200
229600 0.968400
229700 0.967700
229800 0.967300
229900 0.968100
230000 0.967900
230100 0.967900
230200 0.968200
230300 0.967500
230400 0.967600
230500 0.966800
230600 0.966900
230700 0.967000
230800 0.967100
230900 0.967500
231000 0.967000
231100 0.967600
231200 0.967500
231300 0.967500
231400 0.967300
231500 0.967700
231600 0.967300
231700 0.967900
231800 0.967900
231900 0.967400
232000 0.965400
232100 0.966400
232200 0.966600
232300 0.967100
232400 0.967000
232500 0.966900
232600 0.966900
232700 0.967500
232800 0.966300
232900 0.967400
233000 0.966600
233100 0.966200
233200 0.966300
233300 0.967300
233400 0.967800
233500 0.966800
233600 0.967300
233700 0.966900
233800 0.967200
233900 0.967600
234000 0.968200
234100 0.966600
234200 0.967200
234300 0.967400
234400 0.967500
234500 0.968400
234600 0.966600
234700 0.967000
234800 0.966200
234900 0.967800
235000 0.967500
235100 0.968000
235200 0.967300
235300 0.966100
235400 0.967800
235500 0.967100
235600 0.967700
235700 0.966800
235800 0.967300
235900 0.967000
236000 0.967300
236100 0.965800
236200 0.967300
236300 0.966800
236400 0.968100
236500 0.968300
236600 0.968300
236700 0.968000
236800 0.968300
236900 0.967100
237000 0.966600
237100 0.966500
237200 0.967300
237300 0.966800
237400 0.966700
237500 0.966100
237600 0.967200
237700 0.966900
237800 0.966700
237900 0.967200
238000 0.967300
238100 0.966600
238200 0.967000
238300 0.967700
238400 0.968200
238500 0.967100
238600 0.966500
238700 0.967200
238800 0.967300
238900 0.966600
239000 0.967100
239100 0.966600
239200 0.967900
239300 0.968300
239400 0.966000
239500 0.966500
239600 0.968000
239700 0.966800
239800 0.968200
239900 0.967800
240000 0.967400
240100 0.968100
240200 0.968800
240300 0.967000
240400 0.967200
240500 0.966100
240600 0.966600
240700 0.966700
240800 0.967100
240900 0.967800
241000 0.967000
241100 0.967500
241200 0.968400
241300 0.968000
241400 0.968100
241500 0.968700
241600 0.966900
241700 0.967500
241800 0.966600
241900 0.967600
242000 0.967400
242100 0.967300
242200 0.967100
242300 0.966400
242400 0.967200
242500 0.967900
242600 0.967500
242700 0.966200
242800 0.966000
242900 0.965500
243000 0.967000
243100 0.967600
243200 0.967500
243300 0.966900
243400 0.967900
243500 0.967600
243600 0.966700
243700 0.967100
243800 0.967400
243900 0.968200
244000 0.966300
244100 0.967400
244200 0.966500
244300 0.967500
244400 0.967100
244500 0.967200
244600 0.967300
244700 0.967500
244800 0.967800
244900 0.967100
245000 0.967700
245100 0.967700
245200 0.966500
245300 0.967300
245400 0.968500
245500 0.967700
245600 0.967500
245700 0.966600
245800 0.967000
245900 0.967300
246000 0.968700
246100 0.968200
246200 0.968000
246300 0.968500
246400 0.968100
246500 0.967800
246600 0.968800
246700 0.967500
246800 0.967800
246900 0.967300
247000 0.968400
247100 0.968400
247200 0.967200
247300 0.968000
247400 0.968000
247500 0.968500
247600 0.969300
247700 0.968100
247800 0.968100
247900 0.969100
248000 0.968700
248100 0.967800
248200 0.969400
248300 0.968400
248400 0.968000
248500 0.967500
248600 0.967300
248700 0.967000
248800 0.966900
248900 0.967300
249000 0.967800
249100 0.967100
249200 0.968700
249300 0.969000
249400 0.967600
249500 0.967300
249600 0.967100
249700 0.967400
249800 0.967300
249900 0.966600
250000 0.967300
250100 0.967700
250200 0.968400
250300 0.968100
250400 0.967800
250500 0.968900
250600 0.968800
250700 0.968200
250800 0.967600
250900 0.967200
251000 0.967300
251100 0.967400
251200 0.968500
251300 0.968400
251400 0.968100
251500 0.967300
251600 0.966400
251700 0.968000
251800 0.968200
251900 0.967800
252000 0.967300
252100 0.967100
252200 0.967900
252300 0.966400
252400 0.968100
252500 0.967700
252600 0.967300
252700 0.968100
252800 0.967000
252900 0.967500
253000 0.967000
253100 0.967400
253200 0.968200
253300 0.966700
253400 0.967200
253500 0.967600
253600 0.967900
253700 0.967100
253800 0.967200
253900 0.966500
254000 0.966700
254100 0.967100
254200 0.967300
254300 0.967200
254400 0.967400
254500 0.967700
254600 0.968300
254700 0.968900
254800 0.969400
254900 0.967900
255000 0.969100
255100 0.968600
255200 0.967500
255300 0.967400
255400 0.968200
255500 0.968000
255600 0.967600
255700 0.968400
255800 0.967900
255900 0.968300
256000 0.967500
256100 0.968500
256200 0.968400
256300 0.967800
256400 0.967300
256500 0.967200
256600 0.967900
256700 0.968300
256800 0.967600
256900 0.968100
257000 0.968400
257100 0.967400
257200 0.967600
257300 0.967300
257400 0.968000
257500 0.967700
257600 0.967500
257700 0.966900
257800 0.967900
257900 0.967900
258000 0.967400
258100 0.967400
258200 0.967200
258300 0.967000
258400 0.967800
258500 0.967500
258600 0.968500
258700 0.967700
258800 0.965800
258900 0.966900
259000 0.967800
259100 0.966800
259200 0.968000
259300 0.967600
259400 0.966500
259500 0.967400
259600 0.967400
259700 0.968000
259800 0.968500
259900 0.968100
260000 0.967200
260100 0.967700
260200 0.967500
260300 0.967000
260400 0.967800
260500 0.967000
260600 0.966300
260700 0.965800
260800 0.966000
260900 0.966400
261000 0.967900
261100 0.967900
261200 0.966600
261300 0.966800
261400 0.967200
261500 0.967600
261600 0.967100
261700 0.968000
261800 0.967900
261900 0.967800
262000 0.968800
262100 0.967000
262200 0.967100
262300 0.968000
262400 0.966800
262500 0.967100
262600 0.967400
262700 0.966700
262800 0.967400
262900 0.967300
263000 0.967500
263100 0.966800
263200 0.968300
263300 0.968500
263400 0.967900
263500 0.969000
263600 0.968300
263700 0.969300
263800 0.968300
263900 0.967500
264000 0.967300
264100 0.968300
264200 0.967500
264300 0.968100
264400 0.967700
264500 0.968400
264600 0.968400
264700 0.967700
264800 0.968600
264900 0.967000
265000 0.967600
265100 0.966600
265200 0.968300
265300 0.968700
265400 0.968100
265500 0.968300
265600 0.967600
265700 0.968500
265800 0.967500
265900 0.968000
266000 0.967700
266100 0.968000
266200 0.968700
266300 0.967700
266400 0.967900
266500 0.967600
266600 0.967700
266700 0.967200
266800 0.967900
266900 0.967200
267000 0.966600
267100 0.967700
267200 0.967600
267300 0.967100
267400 0.968000
267500 0.969000
267600 0.968100
267700 0.967900
267800 0.968400
267900 0.968000
268000 0.968200
268100 0.967900
268200 0.968600
268300 0.969100
268400 0.967800
268500 0.967800
268600 0.968200
268700 0.967300
268800 0.967100
268900 0.968100
269000 0.969300
269100 0.968500
269200 0.968300
269300 0.968800
269400 0.969400
269500 0.969400
269600 0.967900
269700 0.967700
269800 0.967700
269900 0.968500
270000 0.968500
270100 0.968200
270200 0.968200
270300 0.969100
270400 0.968300
270500 0.968800
270600 0.968200
270700 0.967500
270800 0.967400
270900 0.967800
271000 0.967600
271100 0.967700
271200 0.967700
271300 0.967200
271400 0.968600
271500 0.968900
271600 0.968100
271700 0.967700
271800 0.967200
271900 0.967700
272000 0.967900
272100 0.967800
272200 0.968600
272300 0.967900
272400 0.967500
272500 0.966500
272600 0.967500
272700 0.967500
272800 0.968500
272900 0.968400
273000 0.968200
273100 0.967200
273200 0.967100
273300 0.967700
273400 0.967700
273500 0.966900
273600 0.969300
273700 0.967600
273800 0.966400
273900 0.966800
274000 0.968000
274100 0.968800
274200 0.968000
274300 0.968800
274400 0.968500
274500 0.968200
274600 0.968800
274700 0.968000
274800 0.968600
274900 0.968400
275000 0.967700
275100 0.968700
275200 0.968600
275300 0.969400
275400 0.969000
275500 0.968800
275600 0.968600
275700 0.969200
275800 0.968500
275900 0.968900
276000 0.967900
276100 0.968300
276200 0.968000
276300 0.968100
276400 0.969100
276500 0.969900
276600 0.969000
276700 0.967600
276800 0.967000
276900 0.966700
277000 0.967700
277100 0.968200
277200 0.967900
277300 0.967600
277400 0.967100
277500 0.968200
277600 0.968100
277700 0.967800
277800 0.968100
277900 0.968300
278000 0.970000
278100 0.968500
278200 0.968800
278300 0.967900
278400 0.968800
278500 0.968700
278600 0.968900
278700 0.968100
278800 0.968600
278900 0.969000
279000 0.969000
279100 0.968500
279200 0.968800
279300 0.967900
279400 0.967800
279500 0.968600
279600 0.968900
279700 0.969000
279800 0.969500
279900 0.967900
280000 0.968900
280100 0.968600
280200 0.967700
280300 0.967800
280400 0.968200
280500 0.967800
280600 0.967400
280700 0.967800
280800 0.968300
280900 0.967400
281000 0.969200
281100 0.968100
281200 0.968000
281300 0.968400
281400 0.968500
281500 0.968300
281600 0.967300
281700 0.968200
281800 0.967700
281900 0.967500
282000 0.968500
282100 0.969000
282200 0.969800
282300 0.969200
282400 0.968800
282500 0.967800
282600 0.968600
282700 0.968400
282800 0.967600
282900 0.966800
283000 0.968300
283100 0.967800
283200 0.967700
283300 0.967500
283400 0.967600
283500 0.966300
283600 0.966800
283700 0.966900
283800 0.968100
283900 0.967100
284000 0.967200
284100 0.967400
284200 0.967800
284300 0.968400
284400 0.968800
284500 0.968300
284600 0.968200
284700 0.968200
284800 0.968800
284900 0.968900
285000 0.966800
285100 0.967200
285200 0.968500
285300 0.967400
285400 0.967900
285500 0.966600
285600 0.968500
285700 0.968600
285800 0.967400
285900 0.968100
286000 0.967900
286100 0.968800
286200 0.968600
286300 0.968100
286400 0.968900
286500 0.969000
286600 0.969300
286700 0.967800
286800 0.969100
286900 0.967100
287000 0.968800
287100 0.968200
287200 0.968600
287300 0.968900
287400 0.969500
287500 0.969800
287600 0.969200
287700 0.969600
287800 0.968800
287900 0.969300
288000 0.968600
288100 0.968800
288200 0.968500
288300 0.969300
288400 0.968200
288500 0.968500
288600 0.968900
288700 0.968400
288800 0.968000
288900 0.967900
289000 0.967200
289100 0.968000
289200 0.967100
289300 0.967500
289400 0.967500
289500 0.968400
289600 0.968400
289700 0.968700
289800 0.969200
289900 0.968200
290000 0.969400
290100 0.968900
290200 0.968200
290300 0.968500
290400 0.969300
290500 0.968800
290600 0.967900
290700 0.968300
290800 0.968200
290900 0.967000
291000 0.968300
291100 0.968600
291200 0.967000
291300 0.967400
291400 0.968200
291500 0.970000
291600 0.969100
291700 0.969300
291800 0.968500
291900 0.966900
292000 0.967300
292100 0.967500
292200 0.967300
292300 0.969000
292400 0.967600
292500 0.968300
292600 0.967600
292700 0.968800
292800 0.969400
292900 0.968300
293000 0.968900
293100 0.967500
293200 0.968200
293300 0.968400
293400 0.967500
293500 0.968700
293600 0.967600
293700 0.969500
293800 0.968300
293900 0.968800
294000 0.968400
294100 0.968600
294200 0.968300
294300 0.968200
294400 0.969400
294500 0.966800
294600 0.967200
294700 0.968000
294800 0.967600
294900 0.966800
295000 0.967100
295100 0.967000
295200 0.967200
295300 0.967700
295400 0.968200
295500 0.967800
295600 0.968000
295700 0.968400
295800 0.967800
295900 0.968800
296000 0.968900
296100 0.967700
296200 0.968000
296300 0.968200
296400 0.968000
296500 0.968300
296600 0.968400
296700 0.968300
296800 0.968000
296900 0.967800
297000 0.967300
297100 0.968000
297200 0.967800
297300 0.969000
297400 0.969200
297500 0.968200
297600 0.969500
297700 0.969300
297800 0.969400
297900 0.968800
298000 0.969000
298100 0.969000
298200 0.969200
298300 0.968500
298400 0.968900
298500 0.968600
298600 0.967900
298700 0.967500
298800 0.968400
298900 0.967800
299000 0.967500
299100 0.968100
299200 0.967500
299300 0.968400
299400 0.968700
299500 0.968300
299600 0.968000
299700 0.968100
299800 0.968400
299900 0.968100
300000 0.968200
300100 0.967600
300200 0.967800
300300 0.968300
300400 0.967800
300500 0.967000
300600 0.968000
300700 0.968400
300800 0.967200
300900 0.968000
301000 0.968000
301100 0.968300
301200 0.968800
301300 0.967900
301400 0.967900
301500 0.968500
301600 0.968300
301700 0.968700
301800 0.969400
301900 0.968600
302000 0.968500
302100 0.968600
302200 0.968100
302300 0.968200
302400 0.968700
302500 0.969300
302600 0.969200
302700 0.967800
302800 0.968200
302900 0.968000
303000 0.967000
303100 0.967600
303200 0.969300
303300 0.969200
303400 0.967900
303500 0.969000
303600 0.968500
303700 0.969000
303800 0.967500
303900 0.968500
304000 0.968200
304100 0.968500
304200 0.968800
304300 0.970000
304400 0.969100
304500 0.968900
304600 0.968400
304700 0.968600
304800 0.967900
304900 0.969700
305000 0.968600
305100 0.968800
305200 0.969100
305300 0.967600
305400 0.968500
305500 0.968100
305600 0.968700
305700 0.968500
305800 0.967700
305900 0.967800
306000 0.967900
306100 0.968700
306200 0.968500
306300 0.968400
306400 0.968400
306500 0.969100
306600 0.968500
306700 0.969000
306800 0.969000
306900 0.968800
307000 0.968500
307100 0.968600
307200 0.968500
307300 0.966700
307400 0.967100
307500 0.968200
307600 0.967400
307700 0.968500
307800 0.968400
307900 0.967200
308000 0.967100
308100 0.968700
308200 0.968900
308300 0.968600
308400 0.968100
308500 0.968200
308600 0.969100
308700 0.968600
308800 0.969000
308900 0.968100
309000 0.968400
309100 0.968600
309200 0.969000
309300 0.969200
309400 0.968700
309500 0.969300
309600 0.968800
309700 0.969300
309800 0.967900
309900 0.968300
310000 0.968600
310100 0.967000
310200 0.968400
310300 0.969000
310400 0.968500
310500 0.968200
310600 0.968800
310700 0.968900
310800 0.968900
310900 0.968200
311000 0.968900
311100 0.968700
311200 0.969200
311300 0.969100
311400 0.968600
311500 0.968000
311600 0.968600
311700 0.968800
311800 0.970000
311900 0.968900
312000 0.968700
312100 0.968900
312200 0.969000
312300 0.967600
312400 0.969400
312500 0.969200
312600 0.968900
312700 0.969600
312800 0.969500
312900 0.969900
313000 0.969100
313100 0.968300
313200 0.968800
313300 0.968900
313400 0.969500
313500 0.967700
313600 0.967900
313700 0.967700
313800 0.968600
313900 0.968200
314000 0.968400
314100 0.968500
314200 0.967800
314300 0.968000
314400 0.968000
314500 0.967900
314600 0.967000
314700 0.967600
314800 0.967900
314900 0.968000
315000 0.968100
315100 0.967800
315200 0.968200
315300 0.968500
315400 0.967700
315500 0.968300
315600 0.968600
315700 0.968900
315800 0.967600
315900 0.968700
316000 0.969400
316100 0.968700
316200 0.968700
316300 0.968300
316400 0.967400
316500 0.968200
316600 0.966800
316700 0.968700
316800 0.968100
316900 0.968100
317000 0.967200
317100 0.967200
317200 0.967200
317300 0.967800
317400 0.968900
317500 0.968500
317600 0.968800
317700 0.969200
317800 0.968200
317900 0.968100
318000 0.968300
318100 0.967800
318200 0.968700
318300 0.968400
318400 0.968500
318500 0.968300
318600 0.968500
318700 0.968400
318800 0.967600
318900 0.969200
319000 0.968800
319100 0.968500
319200 0.968900
319300 0.969200
319400 0.968900
319500 0.968300
319600 0.968100
319700 0.969300
319800 0.968100
319900 0.969200
320000 0.968900
320100 0.969000
320200 0.969300
320300 0.969300
320400 0.969300
320500 0.968300
320600 0.969500
320700 0.968900
320800 0.968200
320900 0.968900
321000 0.968800
321100 0.967500
321200 0.968000
321300 0.968100
321400 0.968000
321500 0.969100
321600 0.969500
321700 0.969600
321800 0.969400
321900 0.970200
322000 0.969800
322100 0.970200
322200 0.970200
322300 0.969800
322400 0.970000
322500 0.969600
322600 0.968200
322700 0.968800
322800 0.969500
322900 0.967700
323000 0.969500
323100 0.969100
323200 0.969100
323300 0.969200
323400 0.969200
323500 0.967900
323600 0.968900
323700 0.967400
323800 0.968100
323900 0.967400
324000 0.968000
324100 0.968400
324200 0.968000
324300 0.967200
324400 0.968100
324500 0.967400
324600 0.968300
324700 0.967300
324800 0.967500
324900 0.967100
325000 0.969200
325100 0.968200
325200 0.968200
325300 0.969400
325400 0.967900
325500 0.969300
325600 0.968700
325700 0.968300
325800 0.968700
325900 0.968600
326000 0.968300
326100 0.968300
326200 0.969000
326300 0.968900
326400 0.968600
326500 0.969000
326600 0.970000
326700 0.969600
326800 0.970500
326900 0.969000
327000 0.969800
327100 0.969400
327200 0.968800
327300 0.969000
327400 0.968700
327500 0.968800
327600 0.968600
327700 0.969800
327800 0.969600
327900 0.970000
328000 0.967000
328100 0.969000
328200 0.967900
328300 0.967500
328400 0.967700
328500 0.967200
328600 0.967200
328700 0.967800
328800 0.967800
328900 0.967300
329000 0.967900
329100 0.968400
329200 0.968400
329300 0.967500
329400 0.968600
329500 0.968300
329600 0.968100
329700 0.968200
329800 0.967300
329900 0.968600
330000 0.969200
330100 0.968400
330200 0.967800
330300 0.968600
330400 0.968200
330500 0.968700
330600 0.968300
330700 0.968400
330800 0.968800
330900 0.968200
331000 0.969000
331100 0.968500
331200 0.968400
331300 0.968700
331400 0.969300
331500 0.968800
331600 0.968200
331700 0.967600
331800 0.968500
331900 0.968500
332000 0.969200
332100 0.968800
332200 0.968800
332300 0.968500
332400 0.968400
332500 0.968100
332600 0.968300
332700 0.967200
332800 0.968500
332900 0.967300
333000 0.966800
333100 0.966300
333200 0.968500
333300 0.967600
333400 0.967500
333500 0.967900
333600 0.967700
333700 0.968100
333800 0.967400
333900 0.968000
334000 0.968200
334100 0.968100
334200 0.967900
334300 0.968200
334400 0.968400
334500 0.968500
334600 0.968300
334700 0.967900
334800 0.968400
334900 0.968300
335000 0.969400
335100 0.969300
335200 0.969000
335300 0.967800
335400 0.969000
335500 0.967200
335600 0.967800
335700 0.968300
335800 0.969000
335900 0.969200
336000 0.968400
336100 0.967900
336200 0.967900
336300 0.968600
336400 0.967100
336500 0.968300
336600 0.968100
336700 0.968200
336800 0.967800
336900 0.968500
337000 0.968400
337100 0.968100
337200 0.967200
337300 0.967100
337400 0.966900
337500 0.967500
337600 0.967600
337700 0.966800
337800 0.966800
337900 0.966700
338000 0.966700
338100 0.965900
338200 0.966900
338300 0.967000
338400 0.966600
338500 0.966100
338600 0.967500
338700 0.968300
338800 0.968000
338900 0.969100
339000 0.968200
339100 0.968400
339200 0.968100
339300 0.968500
339400 0.967400
339500 0.967400
339600 0.968300
339700 0.967900
339800 0.968600
339900 0.967200
340000 0.967900
340100 0.968400
340200 0.969700
340300 0.969100
340400 0.969000
340500 0.969500
340600 0.968300
340700 0.968600
340800 0.969100
340900 0.968200
341000 0.967700
341100 0.967500
341200 0.968800
341300 0.969100
341400 0.967800
341500 0.969000
341600 0.969000
341700 0.967800
341800 0.967100
341900 0.968100
342000 0.968500
342100 0.968300
342200 0.969200
342300 0.968700
342400 0.966800
342500 0.968000
342600 0.966800
342700 0.968700
342800 0.967300
342900 0.967700
343000 0.968400
343100 0.967900
343200 0.968400
343300 0.968800
343400 0.968000
343500 0.967900
343600 0.967200
343700 0.967600
343800 0.968100
343900 0.968100
344000 0.968700
344100 0.968600
344200 0.970000
344300 0.969500
344400 0.968700
344500 0.968200
344600 0.968400
344700 0.969000
344800 0.968000
344900 0.968200
345000 0.969000
345100 0.969500
345200 0.968800
345300 0.968400
345400 0.968600
345500 0.968700
345600 0.968900
345700 0.968900
345800 0.968300
345900 0.968800
346000 0.968000
346100 0.969600
346200 0.969000
346300 0.968700
346400 0.968500
346500 0.968300
346600 0.968800
346700 0.969300
346800 0.968100
346900 0.968100
347000 0.968300
347100 0.969500
347200 0.968400
347300 0.968900
347400 0.968500
347500 0.968200
347600 0.968700
347700 0.968600
347800 0.968400
347900 0.967800
348000 0.968300
348100 0.968500
348200 0.968600
348300 0.968600
348400 0.969200
348500 0.969100
348600 0.969100
348700 0.968800
348800 0.969000
348900 0.968900
349000 0.968600
349100 0.968500
349200 0.968200
349300 0.968300
349400 0.967200
349500 0.969500
349600 0.968400
349700 0.968700
349800 0.969000
349900 0.969200
350000 0.969100
350100 0.969100
350200 0.968600
350300 0.967400
350400 0.967600
350500 0.967800
350600 0.968700
350700 0.968500
350800 0.969800
350900 0.968300
351000 0.968000
351100 0.969200
351200 0.969600
351300 0.968700
351400 0.969200
351500 0.967900
351600 0.968800
351700 0.969100
351800 0.969100
351900 0.968500
352000 0.969100
352100 0.969200
352200 0.969000
352300 0.968800
352400 0.967400
352500 0.968000
352600 0.968800
352700 0.968100
352800 0.969200
352900 0.969400
353000 0.969500
353100 0.970000
353200 0.967800
353300 0.968700
353400 0.968700
353500 0.968600
353600 0.969000
353700 0.968400
353800 0.968500
353900 0.969100
354000 0.968900
354100 0.968000
354200 0.968600
354300 0.967700
354400 0.968400
354500 0.968400
354600 0.968800
354700 0.968500
354800 0.966400
354900 0.967000
355000 0.968800
355100 0.967500
355200 0.968300
355300 0.967900
355400 0.968300
355500 0.967500
355600 0.967800
355700 0.967300
355800 0.968000
355900 0.966600
356000 0.967200
356100 0.967600
356200 0.967700
356300 0.966700
356400 0.967900
356500 0.968600
356600 0.969000
356700 0.967500
356800 0.968000
356900 0.968700
357000 0.969000
357100 0.969600
357200 0.968400
357300 0.968200
357400 0.968900
357500 0.966300
357600 0.967200
357700 0.968900
357800 0.968000
357900 0.967700
358000 0.967900
358100 0.967900
358200 0.967100
358300 0.967400
358400 0.967500
358500 0.968300
358600 0.967600
358700 0.968600
358800 0.967300
358900 0.968300
359000 0.968600
359100 0.967300
359200 0.967700
359300 0.968500
359400 0.967100
359500 0.966700
359600 0.967600
359700 0.968100
359800 0.966300
359900 0.967200
360000 0.967400
360100 0.968300
360200 0.968200
360300 0.968700
360400 0.968500
360500 0.967800
360600 0.968200
360700 0.968300
360800 0.968200
360900 0.968900
361000 0.967600
361100 0.967200
361200 0.967200
361300 0.967600
361400 0.967200
361500 0.967500
361600 0.967800
361700 0.968400
361800 0.968200
361900 0.969200
362000 0.969000
362100 0.966800
362200 0.967900
362300 0.968600
362400 0.969400
362500 0.968500
362600 0.968200
362700 0.968500
362800 0.967300
362900 0.968400
363000 0.968900
363100 0.968600
363200 0.968100
363300 0.967600
363400 0.966800
363500 0.968700
363600 0.969700
363700 0.968600
363800 0.968100
363900 0.967800
364000 0.968400
364100 0.968500
364200 0.969000
364300 0.968700
364400 0.969400
364500 0.968400
364600 0.968000
364700 0.967800
364800 0.969500
364900 0.968900
365000 0.967700
365100 0.969100
365200 0.968800
365300 0.969600
365400 0.969900
365500 0.969700
365600 0.969300
365700 0.969000
365800 0.968500
365900 0.968900
366000 0.968600
366100 0.968600
366200 0.968500
366300 0.969300
366400 0.968300
366500 0.968400
366600 0.969600
366700 0.967900
366800 0.968000
366900 0.968000
367000 0.968700
367100 0.968000
367200 0.968300
367300 0.967700
367400 0.967300
367500 0.967900
367600 0.968000
367700 0.968200
367800 0.967900
367900 0.967900
368000 0.967100
368100 0.968100
368200 0.967800
368300 0.968000
368400 0.967900
368500 0.968300
368600 0.968400
368700 0.969200
368800 0.968400
368900 0.967600
369000 0.967200
369100 0.967900
369200 0.968100
369300 0.967000
369400 0.967600
369500 0.967700
369600 0.968700
369700 0.967300
369800 0.968500
369900 0.967900
370000 0.967900
370100 0.968200
370200 0.968100
370300 0.967800
370400 0.968200
370500 0.967900
370600 0.968400
370700 0.968000
370800 0.967900
370900 0.968300
371000 0.967100
371100 0.967100
371200 0.967900
371300 0.967400
371400 0.967700
371500 0.968600
371600 0.967600
371700 0.967400
371800 0.968100
371900 0.968000
372000 0.968400
372100 0.968100
372200 0.967900
372300 0.967700
372400 0.967800
372500 0.967800
372600 0.967200
372700 0.967200
372800 0.967300
372900 0.967600
373000 0.967500
373100 0.968000
373200 0.967900
373300 0.967700
373400 0.967600
373500 0.968300
373600 0.967700
373700 0.967500
373800 0.967500
373900 0.967800
374000 0.967200
374100 0.966900
374200 0.968600
374300 0.967800
374400 0.967900
374500 0.967900
374600 0.968400
374700 0.967200
374800 0.968100
374900 0.967900
375000 0.968200
375100 0.967200
375200 0.967600
375300 0.968300
375400 0.967700
375500 0.968400
375600 0.968500
375700 0.968100
375800 0.968100
375900 0.968300
376000 0.967900
376100 0.969200
376200 0.967800
376300 0.967500
376400 0.968000
376500 0.967700
376600 0.968300
376700 0.966200
376800 0.967000
376900 0.968100
377000 0.968100
377100 0.968300
377200 0.968300
377300 0.968200
377400 0.968300
377500 0.967500
377600 0.967800
377700 0.968300
377800 0.968900
377900 0.968400
378000 0.968700
378100 0.968100
378200 0.968000
378300 0.968000
378400 0.968200
378500 0.968100
378600 0.968100
378700 0.968200
378800 0.967500
378900 0.968300
379000 0.968600
379100 0.967800
379200 0.968000
379300 0.968000
379400 0.967400
379500 0.967100
379600 0.968500
379700 0.968400
379800 0.967900
379900 0.967300
380000 0.967800
380100 0.967700
380200 0.967900
380300 0.966900
380400 0.967500
380500 0.967600
380600 0.967100
380700 0.968200
380800 0.968200
380900 0.967500
381000 0.967200
381100 0.966400
381200 0.967200
381300 0.967700
381400 0.968200
381500 0.968400
381600 0.968600
381700 0.968800
381800 0.967700
381900 0.967600
382000 0.967700
382100 0.967900
382200 0.967800
382300 0.968200
382400 0.967100
382500 0.967500
382600 0.968100
382700 0.968000
382800 0.967500
382900 0.967900
383000 0.967600
383100 0.967300
383200 0.968400
383300 0.967100
383400 0.966800
383500 0.967700
383600 0.966400
383700 0.967400
383800 0.967300
383900 0.968500
384000 0.967200
384100 0.968100
384200 0.967800
384300 0.968600
384400 0.969500
384500 0.968400
384600 0.968400
384700 0.968600
384800 0.967700
384900 0.968300
385000 0.968900
385100 0.968900
385200 0.968200
385300 0.968400
385400 0.967900
385500 0.968200
385600 0.969100
385700 0.968600
385800 0.968300
385900 0.966800
386000 0.969000
386100 0.967900
386200 0.967300
386300 0.967900
386400 0.967700
386500 0.968200
386600 0.968500
386700 0.969100
386800 0.968200
386900 0.968100
387000 0.968200
387100 0.968400
387200 0.967800
387300 0.968400
387400 0.967000
387500 0.966300
387600 0.968100
387700 0.968400
387800 0.968400
387900 0.967900
388000 0.968600
388100 0.968400
388200 0.967300
388300 0.967800
388400 0.968800
388500 0.968800
388600 0.967700
388700 0.968500
388800 0.967600
388900 0.966800
389000 0.968200
389100 0.967500
389200 0.967600
389300 0.967600
389400 0.968000
389500 0.968000
389600 0.967200
389700 0.967400
389800 0.967700
389900 0.969000
390000 0.968000
390100 0.968700
390200 0.966700
390300 0.967500
390400 0.968300
390500 0.969300
390600 0.969600
390700 0.969200
390800 0.969100
390900 0.969600
391000 0.969200
391100 0.968100
391200 0.969600
391300 0.969700
391400 0.968600
391500 0.967900
391600 0.969000
391700 0.969200
391800 0.968600
391900 0.969800
392000 0.969600
392100 0.969100
392200 0.968700
392300 0.968800
392400 0.969200
392500 0.970200
392600 0.968700
392700 0.968600
392800 0.968100
392900 0.967900
393000 0.967900
393100 0.968500
393200 0.968100
393300 0.969700
393400 0.969300
393500 0.967700
393600 0.968000
393700 0.968700
393800 0.969000
393900 0.969300
394000 0.969100
394100 0.968700
394200 0.969400
394300 0.968800
394400 0.969000
394500 0.968800
394600 0.969100
394700 0.969500
394800 0.968500
394900 0.968600
395000 0.968600
395100 0.969100
395200 0.969300
395300 0.969400
395400 0.967400
395500 0.968700
395600 0.969200
395700 0.968100
395800 0.968900
395900 0.968200
396000 0.969400
396100 0.967900
396200 0.969400
396300 0.968700
396400 0.969100
396500 0.967700
396600 0.968800
396700 0.969000
396800 0.968600
396900 0.969300
397000 0.968900
397100 0.968700
397200 0.969400
397300 0.968400
397400 0.968200
397500 0.968500
397600 0.968300
397700 0.969300
397800 0.969300
397900 0.969600
398000 0.969200
398100 0.969100
398200 0.968300
398300 0.968900
398400 0.968300
398500 0.968800
398600 0.968700
398700 0.968500
398800 0.969100
398900 0.968300
399000 0.969300
399100 0.968500
399200 0.968000
399300 0.968500
399400 0.968300
399500 0.967700
399600 0.968500
399700 0.968600
399800 0.968100
399900 0.969000
400000 0.969100
400100 0.968000
400200 0.968600
400300 0.967900
400400 0.967900
400500 0.968200
400600 0.968100
400700 0.968900
400800 0.967800
400900 0.967900
401000 0.968300
401100 0.968600
401200 0.968900
401300 0.968900
401400 0.969300
401500 0.968800
401600 0.969400
401700 0.968800
401800 0.969200
401900 0.969800
402000 0.968600
402100 0.967800
402200 0.968500
402300 0.968100
402400 0.967800
402500 0.969400
402600 0.968700
402700 0.969300
402800 0.968300
402900 0.968800
403000 0.968900
403100 0.968500
403200 0.969600
403300 0.969000
403400 0.968800
403500 0.968900
403600 0.968500
403700 0.968500
403800 0.968300
403900 0.968400
404000 0.968700
404100 0.968500
404200 0.969500
404300 0.969000
404400 0.969000
404500 0.968700
404600 0.968400
404700 0.968700
404800 0.968700
404900 0.968400
405000 0.968200
405100 0.969000
405200 0.967600
405300 0.968100
405400 0.968100
405500 0.968300
405600 0.969100
405700 0.968300
405800 0.968400
405900 0.968800
406000 0.968500
406100 0.968700
406200 0.968200
406300 0.968700
406400 0.969600
406500 0.968500
406600 0.968200
406700 0.967800
406800 0.968400
406900 0.968600
407000 0.968000
407100 0.968700
407200 0.967200
407300 0.968900
407400 0.968900
407500 0.968900
407600 0.968200
407700 0.968600
407800 0.968400
407900 0.968200
408000 0.968700
408100 0.968200
408200 0.968100
408300 0.968100
408400 0.968300
408500 0.968100
408600 0.969300
408700 0.968000
408800 0.968200
408900 0.968200
409000 0.968100
409100 0.967600
409200 0.967700
409300 0.967600
409400 0.968200
409500 0.967800
409600 0.969000
409700 0.968200
409800 0.968400
409900 0.968400
410000 0.968400
410100 0.967800
410200 0.968400
410300 0.967700
410400 0.968400
410500 0.968600
410600 0.967800
410700 0.968100
410800 0.967900
410900 0.967100
411000 0.968300
411100 0.968600
411200 0.968400
411300 0.969000
411400 0.968000
411500 0.969400
411600 0.968900
411700 0.969100
411800 0.970200
411900 0.969400
412000 0.968600
412100 0.968400
412200 0.967900
412300 0.968400
412400 0.968300
412500 0.968600
412600 0.969100
412700 0.966800
412800 0.967300
412900 0.967900
413000 0.967700
413100 0.967900
413200 0.967500
413300 0.968200
413400 0.968300
413500 0.968300
413600 0.967900
413700 0.967800
413800 0.968500
413900 0.968500
414000 0.967800
414100 0.967600
414200 0.967300
414300 0.968000
414400 0.968200
414500 0.968700
414600 0.968100
414700 0.968500
414800 0.967800
414900 0.968300
415000 0.967700
415100 0.968200
415200 0.967100
415300 0.967500
415400 0.968100
415500 0.967000
415600 0.967300
415700 0.968200
415800 0.967800
415900 0.968400
416000 0.968200
416100 0.968500
416200 0.968800
416300 0.968500
416400 0.969000
416500 0.968200
416600 0.967600
416700 0.967600
416800 0.967900
416900 0.967400
417000 0.968400
417100 0.968400
417200 0.968900
417300 0.969200
417400 0.969200
417500 0.969100
417600 0.967800
417700 0.968200
417800 0.969000
417900 0.969800
418000 0.968800
418100 0.968900
418200 0.969300
418300 0.969100
418400 0.968300
418500 0.967900
418600 0.967800
418700 0.968800
418800 0.968300
418900 0.967600
419000 0.968300
419100 0.969100
419200 0.969700
419300 0.969700
419400 0.969500
419500 0.968300
419600 0.968500
419700 0.968200
419800 0.968200
419900 0.968700
420000 0.968800
420100 0.968800
420200 0.968800
420300 0.968400
420400 0.968700
420500 0.968000
420600 0.968700
420700 0.967400
420800 0.967200
420900 0.967900
421000 0.968400
421100 0.968600
421200 0.967500
421300 0.969800
421400 0.968300
421500 0.968400
421600 0.968600
421700 0.969400
421800 0.968200
421900 0.967700
422000 0.966500
422100 0.968600
422200 0.968100
422300 0.968500
422400 0.968900
422500 0.968400
422600 0.967500
422700 0.967700
422800 0.968500
422900 0.968600
423000 0.968300
423100 0.968300
423200 0.968300
423300 0.968700
423400 0.968500
423500 0.968800
423600 0.967900
423700 0.967900
423800 0.968100
423900 0.968300
424000 0.968000
424100 0.968600
424200 0.968800
424300 0.968800
424400 0.968200
424500 0.968800
424600 0.969100
424700 0.968900
424800 0.968800
424900 0.968400
425000 0.968500
425100 0.968300
425200 0.968900
425300 0.968200
425400 0.967500
425500 0.967700
425600 0.967700
425700 0.968600
425800 0.967800
425900 0.968100
426000 0.968200
426100 0.967000
426200 0.967600
426300 0.967700
426400 0.968100
426500 0.969200
426600 0.969100
426700 0.968600
426800 0.967600
426900 0.968100
427000 0.967900
427100 0.968900
427200 0.969400
427300 0.969000
427400 0.968800
427500 0.969200
427600 0.968900
427700 0.968500
427800 0.967600
427900 0.968200
428000 0.968500
428100 0.968400
428200 0.967600
428300 0.968200
428400 0.967900
428500 0.968100
428600 0.967900
428700 0.968200
428800 0.968500
428900 0.968300
429000 0.968400
429100 0.968000
429200 0.969000
429300 0.968100
429400 0.969100
429500 0.969000
429600 0.968500
429700 0.968600
429800 0.967800
429900 0.968000
430000 0.968300
430100 0.968700
430200 0.968400
430300 0.968600
430400 0.969300
430500 0.968500
430600 0.969200
430700 0.968300
430800 0.968700
430900 0.968700
431000 0.968700
431100 0.968800
431200 0.968300
431300 0.968800
431400 0.969800
431500 0.968700
431600 0.969100
431700 0.970000
431800 0.969500
431900 0.969800
432000 0.968900
432100 0.968800
432200 0.969100
432300 0.969300
432400 0.969300
432500 0.968900
432600 0.968400
432700 0.967700
432800 0.969100
432900 0.969200
433000 0.969600
433100 0.969300
433200 0.968400
433300 0.968600
433400 0.968100
433500 0.968600
433600 0.968300
433700 0.968800
433800 0.968700
433900 0.968500
434000 0.967900
434100 0.968500
434200 0.969000
434300 0.968300
434400 0.968300
434500 0.969200
434600 0.968800
434700 0.969100
434800 0.968300
434900 0.967500
435000 0.968000
435100 0.968000
435200 0.967800
435300 0.967400
435400 0.968100
435500 0.968300
435600 0.968000
435700 0.968500
435800 0.968500
435900 0.968300
436000 0.967900
436100 0.967600
436200 0.967700
436300 0.968300
436400 0.968700
436500 0.968600
436600 0.968700
436700 0.968400
436800 0.968000
436900 0.968600
437000 0.968700
437100 0.969400
437200 0.968300
437300 0.968900
437400 0.967800
437500 0.968000
437600 0.967900
437700 0.967700
437800 0.967600
437900 0.968200
438000 0.967100
438100 0.967800
438200 0.968300
438300 0.968100
438400 0.967500
438500 0.968200
438600 0.967600
438700 0.968300
438800 0.968500
438900 0.970000
439000 0.969000
439100 0.968400
439200 0.968300
439300 0.968800
439400 0.967600
439500 0.968800
439600 0.968100
439700 0.967100
439800 0.967500
439900 0.967900
440000 0.967800
440100 0.968300
440200 0.968000
440300 0.968500
440400 0.968600
440500 0.968000
440600 0.968200
440700 0.968400
440800 0.968600
440900 0.968200
441000 0.969200
441100 0.969000
441200 0.967900
441300 0.967700
441400 0.968900
441500 0.968100
441600 0.968900
441700 0.967900
441800 0.966600
441900 0.967700
442000 0.969200
442100 0.970100
442200 0.968600
442300 0.968700
442400 0.969500
442500 0.968100
442600 0.968000
442700 0.968500
442800 0.968900
442900 0.967900
443000 0.969100
443100 0.969000
443200 0.969300
443300 0.969900
443400 0.970200
443500 0.969800
443600 0.970100
443700 0.968900
443800 0.969400
443900 0.969400
444000 0.970100
444100 0.969500
444200 0.969100
444300 0.968700
444400 0.969400
444500 0.969600
444600 0.970300
444700 0.969200
444800 0.969100
444900 0.969600
445000 0.969500
445100 0.968500
445200 0.969200
445300 0.969700
445400 0.969500
445500 0.969200
445600 0.969300
445700 0.969100
445800 0.968800
445900 0.969200
446000 0.969700
446100 0.969000
446200 0.969300
446300 0.968000
446400 0.968200
446500 0.968500
446600 0.969000
446700 0.968300
446800 0.969900
446900 0.969200
447000 0.970100
447100 0.969000
447200 0.969600
447300 0.969400
447400 0.968800
447500 0.969000
447600 0.968000
447700 0.968600
447800 0.968900
447900 0.969600
448000 0.969100
448100 0.970000
448200 0.969700
448300 0.969100
448400 0.968900
448500 0.969200
448600 0.968600
448700 0.968300
448800 0.968400
448900 0.967700
449000 0.967400
449100 0.968800
449200 0.968800
449300 0.969500
449400 0.968200
449500 0.969300
449600 0.968100
449700 0.967700
449800 0.968200
449900 0.968400
450000 0.969100
450100 0.968400
450200 0.968700
450300 0.968400
450400 0.968700
450500 0.968400
450600 0.968900
450700 0.969000
450800 0.968400
450900 0.969400
451000 0.969100
451100 0.968900
451200 0.968400
451300 0.968800
451400 0.968500
451500 0.967800
451600 0.967800
451700 0.968400
451800 0.968800
451900 0.968700
452000 0.968100
452100 0.968800
452200 0.967900
452300 0.968500
452400 0.968300
452500 0.968900
452600 0.968800
452700 0.968800
452800 0.968100
452900 0.969500
453000 0.970100
453100 0.967900
453200 0.967800
453300 0.968800
453400 0.969000
453500 0.968900
453600 0.968600
453700 0.968200
453800 0.967700
453900 0.968500
454000 0.969100
454100 0.969300
454200 0.968600
454300 0.968500
454400 0.969400
454500 0.969700
454600 0.968500
454700 0.968800
454800 0.968700
454900 0.969100
455000 0.969000
455100 0.968800
455200 0.969300
455300 0.968700
455400 0.969800
455500 0.968700
455600 0.969500
455700 0.969800
455800 0.969300
455900 0.969400
456000 0.969200
456100 0.969400
456200 0.969800
456300 0.969000
456400 0.968500
456500 0.969700
456600 0.969400
456700 0.967900
456800 0.967600
456900 0.969600
457000 0.968700
457100 0.967700
457200 0.969100
457300 0.968700
457400 0.968200
457500 0.968300
457600 0.968200
457700 0.968300
457800 0.968400
457900 0.969300
458000 0.969200
458100 0.969300
458200 0.969300
458300 0.969900
458400 0.969000
458500 0.969000
458600 0.968200
458700 0.968700
458800 0.969200
458900 0.968800
459000 0.969600
459100 0.968900
459200 0.968600
459300 0.968700
459400 0.968800
459500 0.969300
459600 0.968600
459700 0.969600
459800 0.969200
459900 0.969200
460000 0.968900
460100 0.968900
460200 0.969000
460300 0.970100
460400 0.968900
460500 0.968900
460600 0.968400
460700 0.969700
460800 0.970000
460900 0.969000
461000 0.969700
461100 0.968800
461200 0.967900
461300 0.968200
461400 0.968300
461500 0.968700
461600 0.967800
461700 0.968200
461800 0.968400
461900 0.967100
462000 0.967200
462100 0.967700
462200 0.968100
462300 0.968700
462400 0.968800
462500 0.968200
462600 0.969000
462700 0.969300
462800 0.969000
462900 0.968900
463000 0.968000
463100 0.968900
463200 0.968400
463300 0.968400
463400 0.969100
463500 0.968600
463600 0.969500
463700 0.968300
463800 0.968100
463900 0.968400
464000 0.969300
464100 0.968800
464200 0.968400
464300 0.966900
464400 0.968200
464500 0.967600
464600 0.969900
464700 0.969300
464800 0.969600
464900 0.969000
465000 0.968900
465100 0.968200
465200 0.969100
465300 0.969000
465400 0.968800
465500 0.969600
465600 0.969100
465700 0.968300
465800 0.968200
465900 0.968300
466000 0.968500
466100 0.968900
466200 0.968700
466300 0.967600
466400 0.968600
466500 0.968300
466600 0.969800
466700 0.969600
466800 0.968300
466900 0.968000
467000 0.968200
467100 0.968500
467200 0.968500
467300 0.969400
467400 0.969500
467500 0.968700
467600 0.968500
467700 0.968400
467800 0.968300
467900 0.969600
468000 0.968500
468100 0.968600
468200 0.968600
468300 0.968400
468400 0.969000
468500 0.969300
468600 0.968400
468700 0.968700
468800 0.968400
468900 0.967700
469000 0.967500
469100 0.968200
469200 0.967100
469300 0.967100
469400 0.967000
469500 0.967700
469600 0.968000
469700 0.967200
469800 0.967400
469900 0.967300
470000 0.968300
470100 0.967800
470200 0.967900
470300 0.968300
470400 0.968400
470500 0.968100
470600 0.968300
470700 0.968600
470800 0.968300
470900 0.968500
471000 0.967000
471100 0.967500
471200 0.968200
471300 0.968800
471400 0.968200
471500 0.968800
471600 0.969300
471700 0.968400
471800 0.968700
471900 0.968400
472000 0.968300
472100 0.968500
472200 0.968100
472300 0.968400
472400 0.968700
472500 0.968400
472600 0.968100
472700 0.968300
472800 0.968300
472900 0.968200
473000 0.968700
473100 0.968500
473200 0.968100
473300 0.968500
473400 0.968400
473500 0.969200
473600 0.969000
473700 0.969000
473800 0.968600
473900 0.969000
474000 0.968700
474100 0.968900
474200 0.969300
474300 0.970000
474400 0.968900
474500 0.968700
474600 0.968500
474700 0.969300
474800 0.969400
474900 0.969100
475000 0.968900
475100 0.968900
475200 0.969300
475300 0.968800
475400 0.968600
475500 0.968900
475600 0.969800
475700 0.969400
475800 0.969900
475900 0.969200
476000 0.968900
476100 0.969900
476200 0.968900
476300 0.969000
476400 0.968800
476500 0.969900
476600 0.968300
476700 0.968200
476800 0.968500
476900 0.969100
477000 0.968200
477100 0.968400
477200 0.968500
477300 0.968400
477400 0.968300
477500 0.968800
477600 0.969000
477700 0.969400
477800 0.968700
477900 0.969500
478000 0.969400
478100 0.968500
478200 0.968200
478300 0.967500
478400 0.968000
478500 0.969300
478600 0.969600
478700 0.969300
478800 0.969400
478900 0.969000
479000 0.968400
479100 0.967500
479200 0.969300
479300 0.968200
479400 0.968500
479500 0.968200
479600 0.968500
479700 0.968100
479800 0.967800
479900 0.967700
480000 0.968400
480100 0.968000
480200 0.967600
480300 0.968200
480400 0.968200
480500 0.968100
480600 0.968400
480700 0.968300
480800 0.968800
480900 0.968300
481000 0.968500
481100 0.968900
481200 0.968000
481300 0.967900
481400 0.968500
481500 0.968000
481600 0.967600
481700 0.968500
481800 0.968100
481900 0.968100
482000 0.969200
482100 0.968300
482200 0.968000
482300 0.969000
482400 0.966800
482500 0.968300
482600 0.968200
482700 0.968500
482800 0.968400
482900 0.968400
483000 0.968400
483100 0.968400
483200 0.967600
483300 0.967000
483400 0.967300
483500 0.968100
483600 0.967100
483700 0.967900
483800 0.967300
483900 0.967100
484000 0.968500
484100 0.968200
484200 0.967600
484300 0.967500
484400 0.967200
484500 0.967900
484600 0.967500
484700 0.968100
484800 0.966800
484900 0.969000
485000 0.968700
485100 0.967600
485200 0.967200
485300 0.967700
485400 0.968200
485500 0.967900
485600 0.967100
485700 0.967500
485800 0.968000
485900 0.968200
486000 0.969100
486100 0.968600
486200 0.969000
486300 0.968500
486400 0.968200
486500 0.968100
486600 0.967800
486700 0.967000
486800 0.967800
486900 0.967200
487000 0.968000
487100 0.967800
487200 0.968600
487300 0.968100
487400 0.968800
487500 0.968300
487600 0.968200
487700 0.968800
487800 0.968300
487900 0.967400
488000 0.968700
488100 0.968700
488200 0.968700
488300 0.968200
488400 0.969000
488500 0.969700
488600 0.968400
488700 0.969100
488800 0.968000
488900 0.969700
489000 0.969600
489100 0.969000
489200 0.968000
489300 0.968600
489400 0.968900
489500 0.970300
489600 0.969100
489700 0.968700
489800 0.968800
489900 0.968200
490000 0.968200
490100 0.968100
490200 0.968600
490300 0.968500
490400 0.968700
490500 0.969000
490600 0.967800
490700 0.967600
490800 0.968500
490900 0.969000
491000 0.969000
491100 0.968000
491200 0.968200
491300 0.968400
491400 0.968200
491500 0.968000
491600 0.967800
491700 0.967600
491800 0.967900
491900 0.968100
492000 0.967800
492100 0.968200
492200 0.968300
492300 0.968200
492400 0.968000
492500 0.968300
492600 0.969200
492700 0.969000
492800 0.969000
492900 0.968400
493000 0.968600
493100 0.968000
493200 0.968000
493300 0.969400
493400 0.969400
493500 0.969400
493600 0.968100
493700 0.968300
493800 0.968500
493900 0.969100
494000 0.968400
494100 0.968100
494200 0.967400
494300 0.968300
494400 0.968500
494500 0.968400
494600 0.969000
494700 0.968400
494800 0.969300
494900 0.968300
495000 0.969200
495100 0.969600
495200 0.968700
495300 0.968700
495400 0.969300
495500 0.968900
495600 0.969200
495700 0.968700
495800 0.969200
495900 0.969300
496000 0.969800
496100 0.968800
496200 0.969900
496300 0.969600
496400 0.969600
496500 0.969500
496600 0.968700
496700 0.968500
496800 0.968900
496900 0.968900
497000 0.969000
497100 0.969800
497200 0.968800
497300 0.968600
497400 0.969100
497500 0.968700
497600 0.968300
497700 0.968800
497800 0.969300
497900 0.969100
498000 0.969400
498100 0.970300
498200 0.969100
498300 0.970100
498400 0.968500
498500 0.969000
498600 0.969400
498700 0.969300
498800 0.968700
498900 0.968700
499000 0.968600
499100 0.968600
499200 0.969300
499300 0.968900
499400 0.968600
499500 0.968400
499600 0.968900
499700 0.969100
499800 0.969700
499900 0.970100
500000 0.969900
500100 0.970200
500200 0.968600
500300 0.969300
500400 0.969000
500500 0.969000
500600 0.968900
500700 0.968200
500800 0.969400
500900 0.969000
501000 0.970000
501100 0.969100
501200 0.968600
501300 0.968600
501400 0.969200
501500 0.970100
501600 0.969900
501700 0.969100
501800 0.969000
501900 0.969200
502000 0.969300
502100 0.969000
502200 0.969000
502300 0.968400
502400 0.968500
502500 0.968400
502600 0.968700
502700 0.969100
502800 0.968300
502900 0.968900
503000 0.969400
503100 0.968700
503200 0.968800
503300 0.969200
503400 0.967800
503500 0.969600
503600 0.968700
503700 0.968800
503800 0.967900
503900 0.968900
504000 0.968900
504100 0.968800
504200 0.968600
504300 0.969300
504400 0.969800
504500 0.968600
504600 0.968800
504700 0.969400
504800 0.968100
504900 0.967400
505000 0.968300
505100 0.968100
505200 0.968300
505300 0.968000
505400 0.968600
505500 0.968400
505600 0.968400
505700 0.968700
505800 0.968600
505900 0.969000
506000 0.968900
506100 0.968500
506200 0.968200
506300 0.968000
506400 0.968400
506500 0.968200
506600 0.968000
506700 0.969100
506800 0.968100
506900 0.968500
507000 0.969000
507100 0.968400
507200 0.967800
507300 0.968300
507400 0.968700
507500 0.968700
507600 0.968800
507700 0.969000
507800 0.968800
507900 0.968900
508000 0.968400
508100 0.968900
508200 0.969100
508300 0.969200
508400 0.969600
508500 0.968900
508600 0.969200
508700 0.969500
508800 0.969500
508900 0.969000
509000 0.969000
509100 0.968700
509200 0.969500
509300 0.968900
509400 0.968700
509500 0.969000
509600 0.968800
509700 0.968600
509800 0.969100
509900 0.969000
510000 0.968900
510100 0.968400
510200 0.969200
510300 0.968900
510400 0.969200
510500 0.969000
510600 0.969300
510700 0.969300
510800 0.969200
510900 0.969600
511000 0.969000
511100 0.968600
511200 0.969000
511300 0.967300
511400 0.968500
511500 0.968900
511600 0.969400
511700 0.967600
511800 0.968400
511900 0.969200
512000 0.969200
512100 0.969200
512200 0.969100
512300 0.969500
512400 0.969400
512500 0.969600
512600 0.968900
512700 0.970100
512800 0.969000
512900 0.970000
513000 0.969100
513100 0.969200
513200 0.969500
513300 0.968900
513400 0.969300
513500 0.969200
513600 0.969300
513700 0.970000
513800 0.969500
513900 0.969000
514000 0.968800
514100 0.968500
514200 0.969100
514300 0.969300
514400 0.968900
514500 0.969800
514600 0.969100
514700 0.969400
514800 0.969200
514900 0.968800
515000 0.968200
515100 0.967700
515200 0.968800
515300 0.968400
515400 0.969400
515500 0.968200
515600 0.968600
515700 0.969000
515800 0.968500
515900 0.968900
516000 0.969100
516100 0.968600
516200 0.968800
516300 0.968800
516400 0.969000
516500 0.969600
516600 0.968600
516700 0.968400
516800 0.968300
516900 0.968700
517000 0.968400
517100 0.968400
517200 0.968100
517300 0.968100
517400 0.968400
517500 0.968800
517600 0.969400
517700 0.969100
517800 0.968800
517900 0.968800
518000 0.968400
518100 0.969100
518200 0.968700
518300 0.969000
518400 0.968300
518500 0.968200
518600 0.968800
518700 0.969100
518800 0.968500
518900 0.968300
519000 0.968400
519100 0.968800
519200 0.969300
519300 0.968900
519400 0.968800
519500 0.969400
519600 0.969100
519700 0.969400
519800 0.968900
519900 0.968500
520000 0.968700
520100 0.968900
520200 0.968200
520300 0.968100
520400 0.968900
520500 0.968600
520600 0.968800
520700 0.968600
520800 0.968800
520900 0.970000
521000 0.969400
521100 0.969400
521200 0.969500
521300 0.969000
521400 0.969500
521500 0.969300
521600 0.969200
521700 0.968900
521800 0.969100
521900 0.969600
522000 0.968900
522100 0.968600
522200 0.968500
522300 0.967900
522400 0.968600
522500 0.967800
522600 0.968900
522700 0.968800
522800 0.969700
522900 0.969300
523000 0.968900
523100 0.968900
523200 0.968900
523300 0.969000
523400 0.968800
523500 0.968800
523600 0.968800
523700 0.968500
523800 0.968400
523900 0.968400
524000 0.968500
524100 0.968900
524200 0.968900
524300 0.968200
524400 0.968500
524500 0.967900
524600 0.968100
524700 0.968100
524800 0.968300
524900 0.967900
525000 0.968100
525100 0.968100
525200 0.968400
525300 0.968400
525400 0.968100
525500 0.968400
525600 0.967400
525700 0.967700
525800 0.968400
525900 0.968300
526000 0.968600
526100 0.968300
526200 0.968700
526300 0.968300
526400 0.968600
526500 0.968900
526600 0.968900
526700 0.967900
526800 0.969000
526900 0.968000
527000 0.968100
527100 0.968800
527200 0.968900
527300 0.968100
527400 0.968300
527500 0.968600
527600 0.968900
527700 0.968200
527800 0.969000
527900 0.969100
528000 0.968400
528100 0.969100
528200 0.968500
528300 0.968300
528400 0.968200
528500 0.968200
528600 0.968100
528700 0.968600
528800 0.967900
528900 0.968500
529000 0.968500
529100 0.968300
529200 0.968400
529300 0.968200
529400 0.967400
529500 0.968800
529600 0.968700
529700 0.968700
529800 0.968400
529900 0.968600
530000 0.967900
530100 0.968700
530200 0.968000
530300 0.968500
530400 0.968400
530500 0.968900
530600 0.968300
530700 0.967500
530800 0.967900
530900 0.968600
531000 0.969000
531100 0.969500
531200 0.968500
531300 0.968800
531400 0.968600
531500 0.968100
531600 0.968900
531700 0.968600
531800 0.968600
531900 0.969100
532000 0.969300
532100 0.969100
532200 0.967700
532300 0.970300
532400 0.970200
532500 0.970000
532600 0.969900
532700 0.969000
532800 0.968300
532900 0.968500
533000 0.968600
533100 0.969000
533200 0.968000
533300 0.968300
533400 0.968100
533500 0.968200
533600 0.968200
533700 0.968400
533800 0.968400
533900 0.968000
534000 0.967800
534100 0.968400
534200 0.967700
534300 0.968400
534400 0.967900
534500 0.967800
534600 0.967500
534700 0.967200
534800 0.967000
534900 0.966700
535000 0.967600
535100 0.968100
535200 0.968500
535300 0.968200
535400 0.968300
535500 0.968500
535600 0.968300
535700 0.967100
535800 0.968100
535900 0.968100
536000 0.968100
536100 0.968500
536200 0.969300
536300 0.968800
536400 0.969100
536500 0.967900
536600 0.968200
536700 0.968100
536800 0.969000
536900 0.968800
537000 0.968900
537100 0.968000
537200 0.967700
537300 0.968300
537400 0.968200
537500 0.968600
537600 0.969000
537700 0.967900
537800 0.968700
537900 0.968700
538000 0.968700
538100 0.969500
538200 0.968800
538300 0.969500
538400 0.968400
538500 0.968400
538600 0.968100
538700 0.968700
538800 0.968700
538900 0.968600
539000 0.968700
539100 0.968800
539200 0.968900
539300 0.969300
539400 0.969100
539500 0.969000
539600 0.968200
539700 0.968500
539800 0.969000
539900 0.969200
540000 0.968700
540100 0.968200
540200 0.968800
540300 0.968900
540400 0.968400
540500 0.968600
540600 0.969100
540700 0.969000
540800 0.968800
540900 0.969400
541000 0.968100
541100 0.967900
541200 0.968700
541300 0.969300
541400 0.968500
541500 0.966900
541600 0.968200
541700 0.968400
541800 0.968200
541900 0.968500
542000 0.967900
542100 0.968400
542200 0.967900
542300 0.968800
542400 0.968300
542500 0.968500
542600 0.967800
542700 0.968500
542800 0.968400
542900 0.968900
543000 0.968100
543100 0.969300
543200 0.968600
543300 0.969000
543400 0.968700
543500 0.967900
543600 0.968300
543700 0.968900
543800 0.968500
543900 0.968400
544000 0.968800
544100 0.968700
544200 0.969200
544300 0.968500
544400 0.968500
544500 0.968800
544600 0.968700
544700 0.967700
544800 0.968700
544900 0.968300
545000 0.968700
545100 0.967800
545200 0.969100
545300 0.969000
545400 0.968400
545500 0.968700
545600 0.968700
545700 0.968400
545800 0.968400
545900 0.968200
546000 0.968100
546100 0.969600
546200 0.968400
546300 0.968900
546400 0.968600
546500 0.969100
546600 0.968700
546700 0.969000
546800 0.969200
546900 0.968600
547000 0.969100
547100 0.969200
547200 0.968500
547300 0.969200
547400 0.969700
547500 0.969200
547600 0.969200
547700 0.968900
547800 0.968600
547900 0.969200
548000 0.969000
548100 0.968500
548200 0.968600
548300 0.969200
548400 0.968900
548500 0.968700
548600 0.968900
548700 0.969300
548800 0.969100
548900 0.968800
549000 0.968800
549100 0.969200
549200 0.969100
549300 0.969500
549400 0.969700
549500 0.969200
549600 0.969500
549700 0.969400
549800 0.969000
549900 0.968700
550000 0.968600
550100 0.968600
550200 0.968100
550300 0.968400
550400 0.968100
550500 0.967700
550600 0.967200
550700 0.967500
550800 0.967900
550900 0.968300
551000 0.968200
551100 0.968700
551200 0.968600
551300 0.968600
551400 0.968900
551500 0.968600
551600 0.968100
551700 0.968500
551800 0.969100
551900 0.969100
552000 0.969200
552100 0.969000
552200 0.968600
552300 0.968000
552400 0.967900
552500 0.967400
552600 0.967600
552700 0.967600
552800 0.967800
552900 0.969200
553000 0.968300
553100 0.968100
553200 0.968300
553300 0.968700
553400 0.968400
553500 0.969200
553600 0.968900
553700 0.968700
553800 0.968700
553900 0.969000
554000 0.968400
554100 0.968800
554200 0.969300
554300 0.968800
554400 0.969400
554500 0.969200
554600 0.968500
554700 0.968700
554800 0.969300
554900 0.969400
555000 0.970000
555100 0.969400
555200 0.969300
555300 0.969700
555400 0.969100
555500 0.969000
555600 0.969000
555700 0.969500
555800 0.969000
555900 0.969000
556000 0.969700
556100 0.970000
556200 0.968600
556300 0.968000
556400 0.968700
556500 0.968800
556600 0.969300
556700 0.969100
556800 0.969800
556900 0.969300
557000 0.969400
557100 0.969400
557200 0.969200
557300 0.968500
557400 0.968900
557500 0.969100
557600 0.968600
557700 0.969000
557800 0.967900
557900 0.969200
558000 0.969700
558100 0.969500
558200 0.969100
558300 0.969600
558400 0.968600
558500 0.968700
558600 0.969100
558700 0.969100
558800 0.969200
558900 0.968400
559000 0.968200
559100 0.968400
559200 0.968900
559300 0.969600
559400 0.969300
559500 0.969400
559600 0.969100
559700 0.968900
559800 0.969300
559900 0.969300
560000 0.969000
560100 0.968900
560200 0.968800
560300 0.968700
560400 0.969000
560500 0.969200
560600 0.969400
560700 0.969100
560800 0.968500
560900 0.968700
561000 0.968700
561100 0.969100
561200 0.968900
561300 0.968700
561400 0.968500
561500 0.968200
561600 0.968200
561700 0.968600
561800 0.968600
561900 0.968600
562000 0.968700
562100 0.968800
562200 0.968300
562300 0.968100
562400 0.969200
562500 0.968600
562600 0.968700
562700 0.969100
562800 0.969100
562900 0.968400
563000 0.968600
563100 0.968100
563200 0.968300
563300 0.968900
563400 0.969000
563500 0.969100
563600 0.969200
563700 0.969300
563800 0.969700
563900 0.968700
564000 0.968200
564100 0.968300
564200 0.969200
564300 0.968900
564400 0.968700
564500 0.969000
564600 0.968700
564700 0.969600
564800 0.968900
564900 0.968900
565000 0.968800
565100 0.969800
565200 0.969500
565300 0.969300
565400 0.969600
565500 0.969800
565600 0.968900
565700 0.969600
565800 0.968800
565900 0.967900
566000 0.968100
566100 0.969600
566200 0.969000
566300 0.968500
566400 0.969200
566500 0.969000
566600 0.968800
566700 0.969500
566800 0.968700
566900 0.969200
567000 0.970200
567100 0.969000
567200 0.968700
567300 0.968300
567400 0.969000
567500 0.968000
567600 0.968400
567700 0.968600
567800 0.968600
567900 0.969300
568000 0.968800
568100 0.969600
568200 0.969100
568300 0.968800
568400 0.968600
568500 0.968500
568600 0.968200
568700 0.968000
568800 0.967100
568900 0.967900
569000 0.967700
569100 0.967900
569200 0.968400
569300 0.968700
569400 0.968800
569500 0.969100
569600 0.968800
569700 0.968600
569800 0.968200
569900 0.968300
570000 0.968600
570100 0.968700
570200 0.968600
570300 0.968700
570400 0.968100
570500 0.967600
570600 0.968300
570700 0.969100
570800 0.969100
570900 0.968600
571000 0.968600
571100 0.968600
571200 0.968400
571300 0.968100
571400 0.968300
571500 0.968500
571600 0.968500
571700 0.968700
571800 0.968100
571900 0.968700
572000 0.968000
572100 0.968500
572200 0.968000
572300 0.968000
572400 0.968400
572500 0.968800
572600 0.969200
572700 0.969400
572800 0.968800
572900 0.968500
573000 0.968600
573100 0.968900
573200 0.969000
573300 0.968800
573400 0.968400
573500 0.968400
573600 0.968200
573700 0.968800
573800 0.968400
573900 0.968700
574000 0.968400
574100 0.967900
574200 0.967800
574300 0.968300
574400 0.969000
574500 0.968900
574600 0.969600
574700 0.969200
574800 0.968900
574900 0.968900
575000 0.969200
575100 0.969500
575200 0.968700
575300 0.968500
575400 0.968700
575500 0.968400
575600 0.968800
575700 0.968700
575800 0.968200
575900 0.968300
576000 0.968400
576100 0.968000
576200 0.967900
576300 0.968200
576400 0.968000
576500 0.967700
576600 0.968100
576700 0.968300
576800 0.968900
576900 0.969400
577000 0.969300
577100 0.969400
577200 0.969300
577300 0.969100
577400 0.968900
577500 0.969000
577600 0.968600
577700 0.968000
577800 0.968700
577900 0.968200
578000 0.968300
578100 0.968400
578200 0.968200
578300 0.968600
578400 0.968300
578500 0.969000
578600 0.968100
578700 0.969400
578800 0.969300
578900 0.968300
579000 0.969000
579100 0.969400
579200 0.969000
579300 0.968500
579400 0.968400
579500 0.969200
579600 0.969100
579700 0.968200
579800 0.968300
579900 0.968500
580000 0.968500
580100 0.968200
580200 0.968300
580300 0.968000
580400 0.968300
580500 0.969000
580600 0.968700
580700 0.967900
580800 0.968200
580900 0.968100
581000 0.969100
581100 0.968500
581200 0.968300
581300 0.969000
581400 0.968800
581500 0.968700
581600 0.969200
581700 0.969200
581800 0.968800
581900 0.969200
582000 0.968400
582100 0.968500
582200 0.967900
582300 0.968000
582400 0.967700
582500 0.967800
582600 0.967700
582700 0.968300
582800 0.968300
582900 0.967800
583000 0.968000
583100 0.968400
583200 0.967900
583300 0.967700
583400 0.968400
583500 0.968600
583600 0.969100
583700 0.968100
583800 0.968700
583900 0.968600
584000 0.968000
584100 0.968400
584200 0.968800
584300 0.968300
584400 0.968400
584500 0.968700
584600 0.968900
584700 0.968100
584800 0.968800
584900 0.968900
585000 0.968500
585100 0.968600
585200 0.968200
585300 0.968100
585400 0.968400
585500 0.968400
585600 0.968500
585700 0.967900
585800 0.968200
585900 0.969100
586000 0.968700
586100 0.968400
586200 0.968100
586300 0.968600
586400 0.969100
586500 0.969300
586600 0.968900
586700 0.969500
586800 0.969500
586900 0.969300
587000 0.968900
587100 0.968100
587200 0.968300
587300 0.968200
587400 0.968400
587500 0.968300
587600 0.968300
587700 0.968000
587800 0.968400
587900 0.968000
588000 0.969100
588100 0.968800
588200 0.968400
588300 0.968500
588400 0.968900
588500 0.968700
588600 0.968200
588700 0.968100
588800 0.968700
588900 0.968300
589000 0.967600
589100 0.967800
589200 0.967300
589300 0.967600
589400 0.968100
589500 0.968200
589600 0.968100
589700 0.968100
589800 0.969100
589900 0.968500
590000 0.967900
590100 0.968400
590200 0.967900
590300 0.968200
590400 0.968400
590500 0.968700
590600 0.968700
590700 0.968600
590800 0.967800
590900 0.969200
591000 0.969000
591100 0.969200
591200 0.968100
591300 0.968600
591400 0.968600
591500 0.968000
591600 0.968700
591700 0.969100
591800 0.969000
591900 0.968500
592000 0.969000
592100 0.968900
592200 0.969100
592300 0.968600
592400 0.968800
592500 0.968000
592600 0.967900
592700 0.968500
592800 0.968800
592900 0.968100
593000 0.968400
593100 0.968300
593200 0.968400
593300 0.968100
593400 0.968400
593500 0.968900
593600 0.968700
593700 0.968600
593800 0.968600
593900 0.968700
594000 0.968900
594100 0.968900
594200 0.967500
594300 0.968500
594400 0.968400
594500 0.968300
594600 0.967600
594700 0.967900
594800 0.968000
594900 0.967800
595000 0.968000
595100 0.967800
595200 0.967700
595300 0.968400
595400 0.968600
595500 0.967700
595600 0.968700
595700 0.968600
595800 0.968000
595900 0.967900
596000 0.968100
596100 0.967700
596200 0.968200
596300 0.968800
596400 0.968700
596500 0.968500
596600 0.968600
596700 0.968200
596800 0.968700
596900 0.969000
597000 0.968700
597100 0.967800
597200 0.968000
597300 0.967700
597400 0.968000
597500 0.967800
597600 0.967600
597700 0.967600
597800 0.967900
597900 0.969100
598000 0.969100
598100 0.967700
598200 0.967200
598300 0.967700
598400 0.967500
598500 0.967600
598600 0.967400
598700 0.967300
598800 0.968100
598900 0.968400
599000 0.968100
599100 0.968000
599200 0.969100
599300 0.967900
599400 0.968000
599500 0.969000
599600 0.969500
599700 0.969100
599800 0.968700
599900 0.968800
